0.064257
0.196775
0.016307
0.097063
0.005106
0.007410
0.193460
0.205546
0.059791
0.108611
0.039744
0.426388
0.134063
0.348287
0.203962
0.028119
0.336978
0.164647
0.193476
0.022577
0.138745
0.018720
0.353454
0.093053
0.028193
0.198077
0.517530
0.090935
0.093654
0.068177
0.065445
0.111616
0.049260
0.055039
0.258154
0.025623
0.374980
0.060238
0.286292
0.030547
0.267841
0.008942
0.193472
0.337623
0.086285
0.020265
0.327684
0.023685
0.020206
0.340464
0.018300
0.031630
0.536381
0.050425
0.079461
0.049094
0.078351
0.052866
0.163892
0.036625
0.245440
0.129634
0.426922
0.092578
0.144319
0.051945
0.160660
0.313528
0.063543
0.068941
0.266242
0.268199
0.292263
0.316040
0.112739
0.042242
0.013079
0.087981
0.128019
0.036388
0.201939
0.341981
0.349421
0.196510
0.031601
0.320488
0.130300
0.105628
0.110166
0.002301
0.068032
0.077934
0.092479
0.091123
0.143372
0.008512
0.101789
0.055238
0.086309
0.068890
0.066974
0.158096
0.015591
0.218635
0.068620
0.359804
0.042864
0.188160
0.326145
0.112396
0.129288
0.294078
0.069719
0.099166
0.144186
0.033992
0.203067
0.204938
0.274759
0.063617
0.187462
0.065601
0.177707
0.252905
0.119291
0.018765
0.155614
0.280779
0.486535
0.010400
0.093838
0.232091
0.002726
0.392448
0.131619
0.278640
0.004739
0.188270
0.289364
0.010836
0.013862
0.163706
0.363051
0.045579
0.006317
0.003285
0.007175
0.182379
0.185366
0.073796
0.241973
0.013410
0.106389
0.194335
0.095736
0.039865
0.012072
0.122261
0.249236
0.301953
0.206735
0.043667
0.249216
0.236764
0.159449
0.156809
0.343218
0.336677
0.002721
0.006713
0.209207
0.050655
0.023632
0.053056
0.100999
0.036798
0.189250
0.037648
0.114785
0.005126
0.125270
0.073172
0.148801
0.146125
0.333924
0.071083
0.244155
0.202136
0.370168
0.253884
0.058385
0.275248
0.044149
0.032093
0.047566
0.293420
0.010726
0.120792
0.010403
0.011373
0.247531
0.009582
0.246105
0.058161
0.055670
0.010171
0.114529
0.085638
0.014273
0.315664
0.567506
0.153832
0.193396
0.214214
0.191842
0.041272
0.208892
0.030833
0.023334
0.046726
0.321236
0.162803
0.051003
0.005742
0.227068
0.069057
0.075909
0.155443
0.022615
0.319418
0.075637
0.011287
0.027692
0.244813
0.039282
0.091320
0.181746
0.141413
0.311679
0.106150
0.108125
0.193546
0.635158
0.092237
0.192181
0.180813
0.294697
0.132342
0.042471
0.020433
0.088451
0.045787
0.143273
0.105885
0.270568
0.162129
0.037108
0.131623
0.520516
0.099603
0.061758
0.047954
0.136210
0.024526
0.020601
0.233446
0.002044
0.184946
0.217782
0.146104
0.147753
0.021311
0.331225
0.084580
0.063114
0.088709
0.160034
0.039571
0.121715
0.170874
0.046422
0.127302
0.040440
0.048450
0.004007
0.311442
0.037528
0.059390
0.276697
0.065194
0.359506
0.209128
0.132298
0.029759
0.035608
0.258119
0.051161
0.111211
0.296690
0.213798
0.004810
0.017368
0.061355
0.144613
0.110393
0.144201
0.189754
0.109948
0.208992
0.038125
0.107295
0.068266
0.019582
0.012042
0.010920
0.007439
0.026628
0.489981
0.223708
0.050577
0.018079
0.088147
0.054519
0.042946
0.416620
0.073656
0.048683
0.032714
0.287793
0.056199
0.236190
0.028690
0.167681
0.242359
0.080041
0.064645
0.301730
0.188606
0.145368
0.005566
0.040576
0.182127
0.429835
0.098473
0.331778
0.053711
0.037818
0.291613
0.214375
0.541071
0.248629
0.020755
0.138906
0.162203
0.222506
0.394400
0.233625
0.254915
0.172773
0.158689
0.015610
0.025815
0.175666
0.090604
0.046773
0.134010
0.079978
0.099135
0.077278
0.047790
0.009975
0.116823
0.182683
0.209681
0.098030
0.075087
0.303074
0.049246
0.095062
0.070228
0.335806
0.107067
0.085123
0.140140
0.080269
0.121197
0.149386
0.138817
0.073439
0.594478
0.222411
0.088391
0.213792
0.020955
0.417479
0.100951
0.212112
0.029946
0.077492
0.029109
0.264441
0.164354
0.247693
0.056669
0.441910
0.160598
0.044365
0.399303
0.374623
0.134597
0.005581
0.098025
0.334949
0.030944
0.099562
0.032006
0.003641
0.297091
0.002850
0.109008
0.119061
0.066796
0.363756
0.058468
0.009465
0.244737
0.259130
0.059778
0.038651
0.017905
0.160363
0.008595
0.040538
0.352539
0.219556
0.037611
0.126202
0.005522
0.133210
0.049093
0.365694
0.018434
0.012145
0.355142
0.017392
0.235907
0.170476
0.046248
0.178641
0.326955
0.201116
0.035042
0.219528
0.413054
0.143425
0.346826
0.060462
0.158303
0.036865
0.346532
0.349286
0.378507
0.468319
0.012269
0.061757
0.298011
0.278872
0.197638
0.196851
0.067720
0.054096
0.273128
0.022866
0.309677
0.008292
0.041699
0.362223
0.010974
0.060805
0.124853
0.016629
0.161113
0.003450
0.052141
0.043079
0.059524
0.123447
0.248893
0.109021
0.276706
0.142153
0.055108
0.323105
0.108294
0.297410
0.399350
0.130873
0.072840
0.123315
0.399914
0.048852
0.350819
0.015609
0.073404
0.141952
0.193459
0.026410
0.061059
0.200580
0.084512
0.518204
0.221596
0.063269
0.127758
0.285706
0.457420
0.051923
0.392902
0.045557
0.002513
0.023477
0.196807
0.189357
0.022539
0.505121
0.016071
0.228257
0.024111
0.009507
0.002920
0.133433
0.284587
0.025756
0.053999
0.069235
0.058472
0.208170
0.110892
0.061951
0.160937
0.030031
0.014206
0.009122
0.292449
0.024264
0.135196
0.006448
0.073112
0.262091
0.000012
0.309903
0.054211
0.093302
0.188945
0.051125
0.128188
0.234615
0.200402
0.061622
0.045075
0.149043
0.200176
0.131100
0.113215
0.092520
0.227571
0.001975
0.169770
0.427736
0.187898
0.379491
0.055354
0.432001
0.020543
0.294041
0.194538
0.131586
0.153782
0.079355
0.242239
0.199247
0.025057
0.071164
0.389477
0.124024
0.022057
0.036385
0.406187
0.285743
0.016188
0.120324
0.081103
0.248985
0.147354
0.000175
0.017544
0.081251
0.581488
0.374756
0.203778
0.011752
0.060626
0.080189
0.247783
0.016065
0.214863
0.224695
0.009919
0.181092
0.229559
0.240903
0.216477
0.038547
0.299936
0.048886
0.230799
0.084426
0.050584
0.101175
0.020414
0.029342
0.601725
0.123149
0.009543
0.091488
0.028388
0.006859
0.151944
0.128859
0.357440
0.136359
0.211432
0.066931
0.274159
0.026900
0.024728
0.031231
0.242828
0.063210
0.251588
0.115692
0.077544
0.053771
0.399117
0.017837
0.005649
0.055138
0.099119
0.234138
0.228957
0.217163
0.034903
0.068589
0.246310
0.028263
0.018340
0.089981
0.132540
0.055316
0.078856
0.221897
0.060855
0.167156
0.034444
0.144102
0.171566
0.559872
0.244601
0.181414
0.113643
0.060833
0.108549
0.046802
0.199437
0.236488
0.042523
0.194149
0.022009
0.146633
0.216071
0.287222
0.088718
0.146864
0.077078
0.065301
0.076079
0.012578
0.011397
0.096533
0.102103
0.049458
0.042333
0.246095
0.291566
0.403092
0.030810
0.140505
0.142832
0.037723
0.028527
0.207700
0.380966
0.347699
0.029057
0.409251
0.342009
0.145673
0.077021
0.267266
0.054170
0.264442
0.347671
0.016010
0.090278
0.323991
0.001636
0.298301
0.042568
0.561274
0.221886
0.168933
0.023132
0.228711
0.005613
0.014535
0.010064
0.117647
0.298497
0.005406
0.059310
0.461538
0.065051
0.282780
0.053019
0.224794
0.012843
0.025143
0.284667
0.180725
0.014965
0.353889
0.073589
0.244367
0.079757
0.281358
0.132777
0.080784
0.095320
0.071697
0.017499
0.368625
0.277960
0.004462
0.064589
0.236839
0.222503
0.265755
0.047321
0.016541
0.268837
0.067898
0.051462
0.015610
0.337091
0.020543
0.035102
0.259910
0.030587
0.061634
0.186684
0.060754
0.244952
0.120942
0.006151
0.185160
0.467797
0.292828
0.027995
0.144221
0.255031
0.093098
0.022483
0.012250
0.353741
0.056287
0.006976
0.254467
0.123361
0.215601
0.004333
0.044988
0.111738
0.302737
0.216528
0.057897
0.124525
0.298822
0.017938
0.143975
0.094511
0.345667
0.028413
0.250370
0.018064
0.151476
0.062329
0.130209
0.165870
0.425056
0.340246
0.326955
0.244389
0.092079
0.110217
0.342153
0.562024
0.195673
0.030896
0.203919
0.014807
0.022805
0.044393
0.233985
0.273561
0.033320
0.013448
0.602582
0.247242
0.017403
0.127848
0.039167
0.247941
0.057801
0.407094
0.410775
0.115300
0.148366
0.172306
0.228608
0.070974
0.411442
0.000552
0.053683
0.288875
0.037354
0.107508
0.057729
0.069770
0.059120
0.092743
0.011736
0.113137
0.250345
0.024827
0.063111
0.146842
0.016674
0.114263
0.179549
0.170171
0.012442
0.153576
0.424850
0.001982
0.262441
0.217781
0.139235
0.000090
0.205919
0.143665
0.069299
0.537084
0.021574
0.200269
0.158051
0.023530
0.297340
0.101691
0.037947
0.004410
0.249824
0.097956
0.382465
0.010086
0.030002
0.239918
0.205106
0.287614
0.015244
0.231893
0.023231
0.073725
0.038340
0.178779
0.107640
0.098154
0.229340
0.197138
0.062871
0.091821
0.109891
0.511473
0.125642
0.239308
0.345095
0.098432
0.149872
0.184640
0.223413
0.127563
0.065644
0.089956
0.044207
0.169473
0.059516
0.100892
0.045007
0.061458
0.274007
0.407826
0.327055
0.219426
0.012925
0.443271
0.028676
0.178089
0.050008
0.209053
0.005925
0.021794
0.229214
0.363631
0.153349
0.123316
0.015629
0.404987
0.044746
0.248937
0.107129
0.021813
0.139682
0.240155
0.259147
0.159308
0.002997
0.029521
0.033482
0.031562
0.048339
0.278145
0.249401
0.112034
0.368294
0.080409
0.197106
0.388628
0.318806
0.197743
0.181284
0.194754
0.197416
0.265768
0.061085
0.032761
0.157827
0.227786
0.055637
0.126622
0.153796
0.206538
0.104708
0.049402
0.048775
0.114466
0.233810
0.188956
0.194628
0.072148
0.018597
0.121712
0.022865
0.249302
0.026973
0.198667
0.047553
0.226231
0.231316
0.522129
0.184560
0.054653
0.206485
0.328023
0.045357
0.300964
0.030409
0.123425
0.166472
0.414230
0.169717
0.254419
0.057670
0.090732
0.104385
0.133383
0.237780
0.107965
0.007100
0.158205
0.359886
0.047597
0.018230
0.072148
0.025117
0.236591
0.299484
0.130517
0.046823
0.142584
0.295848
0.329547
0.003219
0.230252
0.251505
0.390356
0.053493
0.331212
0.143696
0.123763
0.112386
0.463543
0.041969
0.143330
0.039217
0.038283
0.223026
0.177660
0.240192
0.124161
0.026423
0.157408
0.087457
0.079429
0.284749
0.065336
0.059358
0.016191
0.075726
0.148992
0.058472
0.071730
0.057602
0.063648
0.239848
0.321329
0.212283
0.205988
0.048186
0.041970
0.022602
0.243032
0.076231
0.044998
0.087878
0.109726
0.003208
0.108229
0.620102
0.063925
0.174524
0.172801
0.201614
0.168781
0.087874
0.034009
0.302047
0.114551
0.220249
0.062479
0.004255
0.047290
0.039766
0.214478
0.107622
0.128771
0.315738
0.070582
0.013699
0.122713
0.544887
0.291501
0.165620
0.075323
0.165216
0.187776
0.037199
0.090098
0.155217
0.283035
0.060946
0.063495
0.166433
0.432521
0.013704
0.150155
0.044820
0.103611
0.029947
0.086928
0.292486
0.223332
0.154698
0.081648
0.033205
0.146104
0.036213
0.021196
0.033690
0.110260
0.213161
0.032340
0.048119
0.033099
0.061728
0.181947
0.136336
0.349146
0.005989
0.042371
0.080079
0.019434
0.062213
0.002038
0.078612
0.161752
0.273452
0.028258
0.028781
0.020640
0.053784
0.161116
0.162377
0.096430
0.330243
0.070917
0.233893
0.333633
0.235559
0.131494
0.150457
0.199965
0.181812
0.195755
0.089527
0.101181
0.009248
0.076743
0.010980
0.086041
0.099667
0.190675
0.401814
0.341681
0.205528
0.043430
0.035169
0.209610
0.330406
0.060364
0.122816
0.138077
0.294254
0.246899
0.187548
0.033413
0.219046
0.373245
0.124439
0.356699
0.192820
0.249156
0.080485
0.000518
0.039274
0.047137
0.173724
0.038248
0.169854
0.361898
0.110032
0.002216
0.180076
0.381598
0.001941
0.060998
0.370555
0.017449
0.262858
0.280943
0.016654
0.513323
0.028746
0.100693
0.077774
0.076658
0.037933
0.272171
0.523924
0.234113
0.001472
0.263122
0.110402
0.041282
0.031543
0.129679
0.050854
0.029533
0.232400
0.021785
0.032736
0.126340
0.037839
0.588919
0.217057
0.091617
0.123976
0.190185
0.163366
0.010839
0.052677
0.126309
0.027135
0.128824
0.090700
0.282534
0.070288
0.070274
0.183291
0.065323
0.078221
0.060039
0.182269
0.034141
0.046721
0.019568
0.239759
0.042408
0.497748
0.276293
0.034059
0.028637
0.284880
0.107937
0.335688
0.035804
0.026117
0.050716
0.291314
0.020025
0.179076
0.115311
0.014516
0.136752
0.000021
0.218280
0.090900
0.049991
0.021755
0.118724
0.056138
0.102213
0.018384
0.194829
0.189127
0.074796
0.354527
0.049356
0.105958
0.012543
0.006335
0.160447
0.034362
0.106504
0.034264
0.108496
0.520251
0.201606
0.006439
0.076384
0.247496
0.065348
0.468043
0.171226
0.081721
0.027967
0.002172
0.139363
0.354938
0.097133
0.367480
0.067902
0.280754
0.121323
0.094045
0.094895
0.234928
0.245802
0.320958
0.140597
0.307783
0.093149
0.218578
0.118515
0.327363
0.374016
0.105392
0.307731
0.094245
0.099305
0.544396
0.131093
0.286899
0.268143
0.290683
0.067764
0.044272
0.238124
0.029693
0.122726
0.170295
0.056937
0.542474
0.397987
0.168599
0.005415
0.279622
0.005721
0.176129
0.186252
0.198667
0.103308
0.301900
0.026003
0.188557
0.191926
0.015021
0.205365
0.310361
0.242353
0.053607
0.001537
0.036685
0.245708
0.100943
0.268455
0.183051
0.105357
0.023398
0.083396
0.057490
0.024068
0.187598
0.272242
0.048724
0.042060
0.114817
0.247956
0.081489
0.007091
0.205386
0.393494
0.085170
0.019141
0.248055
0.209447
0.139963
0.121934
0.150936
0.055382
0.202600
0.181095
0.033732
0.065118
0.026375
0.073350
0.059782
0.005297
0.070892
0.160714
0.118801
0.066545
0.226064
0.005937
0.093131
0.213672
0.018960
0.020560
0.003941
0.038874
0.010451
0.266797
0.119102
0.265928
0.113284
0.269793
0.206527
0.445390
0.052455
0.046353
0.142337
0.091197
0.005753
0.126373
0.005015
0.019781
0.101396
0.106942
0.271560
0.031270
0.326692
0.559882
0.396401
0.189362
0.003120
0.214375
0.088185
0.014115
0.261015
0.411405
0.124956
0.167290
0.063264
0.090557
0.141629
0.236090
0.047518
0.081237
0.083908
0.131427
0.088978
0.006312
0.008407
0.460533
0.045001
0.110640
0.234465
0.283870
0.270470
0.031253
0.396845
0.421030
0.006356
0.138248
0.010095
0.203480
0.270574
0.069368
0.004450
0.011711
0.080110
0.456225
0.035816
0.012117
0.049227
0.134311
0.152078
0.222243
0.307755
0.225316
0.115634
0.073234
0.001996
0.037477
0.067128
0.053975
0.024331
0.170461
0.167181
0.043135
0.042269
0.146171
0.023265
0.009122
0.027554
0.055198
0.052422
0.156380
0.304387
0.075055
0.260102
0.049381
0.379168
0.153588
0.240965
0.179306
0.088113
0.089324
0.171382
0.452802
0.301205
0.019823
0.031351
0.238677
0.400348
0.064169
0.119183
0.033805
0.217213
0.132301
0.011021
0.019813
0.009239
0.128744
0.195922
0.066877
0.011174
0.044168
0.089174
0.001600
0.194606
0.317846
0.234133
0.058930
0.022473
0.087836
0.100378
0.343081
0.061649
0.131505
0.185225
0.005249
0.119384
0.041801
0.078857
0.144326
0.273657
0.171274
0.053827
0.002955
0.023215
0.131392
0.391245
0.270444
0.003359
0.014061
0.101333
0.069079
0.197003
0.025752
0.417971
0.048815
0.276506
0.309110
0.058155
0.054020
0.548067
0.028838
0.053485
0.285430
0.236023
0.312738
0.008011
0.071519
0.297431
0.004356
0.148584
0.002439
0.248525
0.236204
0.043182
0.115723
0.039641
0.024950
0.140955
0.169985
0.205419
0.288058
0.032340
0.040901
0.027935
0.149918
0.053689
0.415820
0.309733
0.272877
0.251820
0.163110
0.142327
0.101505
0.188203
0.152097
0.067703
0.214314
0.033262
0.229290
0.239545
0.092952
0.257515
0.002404
0.154492
0.232219
0.217258
0.060759
0.009788
0.170027
0.111730
0.022941
0.029314
0.203575
0.118236
0.041114
0.140118
0.326357
0.063392
0.185267
0.073042
0.053308
0.315422
0.014062
0.180631
0.147730
0.048770
0.292545
0.082602
0.023642
0.019851
0.351334
0.027933
0.015302
0.240368
0.027885
0.084543
0.141386
0.012895
0.141985
0.051691
0.025175
0.369576
0.104591
0.030189
0.014915
0.105035
0.225601
0.547216
0.181672
0.039788
0.253036
0.248024
0.022439
0.274297
0.042482
0.006341
0.049553
0.068363
0.051593
0.014378
0.071787
0.088315
0.035231
0.074402
0.025285
0.162430
0.090293
0.021817
0.019813
0.083759
0.457793
0.279389
0.232184
0.181658
0.011045
0.059793
0.155236
0.164201
0.107668
0.101212
0.157614
0.116639
0.035122
0.059618
0.020842
0.105555
0.214042
0.058979
0.075461
0.091722
0.250837
0.093224
0.168952
0.049378
0.192923
0.129779
0.065724
0.083351
0.306333
0.131635
0.296687
0.082228
0.246829
0.167205
0.030375
0.029875
0.047716
0.222832
0.363607
0.185734
0.212231
0.005062
0.314916
0.128140
0.303109
0.259648
0.074901
0.014568
0.040924
0.615545
0.001118
0.036401
0.211682
0.182095
0.116480
0.000790
0.192557
0.199622
0.300386
0.083999
0.098595
0.008739
0.004246
0.093931
0.152120
0.009241
0.096795
0.214755
0.168103
0.181090
0.035522
0.186567
0.147183
0.140338
0.153670
0.022519
0.011752
0.016157
0.055245
0.032716
0.220194
0.153560
0.021266
0.364621
0.223766
0.165767
0.036436
0.239338
0.051465
0.050148
0.098989
0.070834
0.304828
0.371555
0.090260
0.057047
0.452889
0.063578
0.073368
0.079948
0.419160
0.125921
0.203741
0.336590
0.153896
0.508341
0.188049
0.252580
0.003021
0.175967
0.054975
0.202559
0.090630
0.221115
0.364495
0.147736
0.054796
0.057373
0.324933
0.206205
0.106817
0.024586
0.120489
0.149716
0.118622
0.067461
0.285288
0.125034
0.066559
0.022975
0.043185
0.140102
0.040636
0.023839
0.012691
0.074812
0.039611
0.127670
0.024065
0.212209
0.274939
0.100757
0.005563
0.072364
0.054660
0.121877
0.048036
0.051469
0.252809
0.078544
0.023249
0.123413
0.059840
0.002624
0.168761
0.400232
0.023935
0.047839
0.060365
0.086681
0.191297
0.059860
0.184344
0.078882
0.149230
0.128804
0.174155
0.069117
0.276185
0.045023
0.077026
0.130259
0.076410
0.104631
0.087818
0.070158
0.028493
0.257296
0.003455
0.083839
0.413970
0.142747
0.363809
0.234248
0.026755
0.300136
0.089870
0.111876
0.147108
0.303840
0.156546
0.010463
0.285601
0.258026
0.019488
0.232641
0.057213
0.002474
0.009395
0.030760
0.092584
0.079174
0.081399
0.107653
0.080470
0.066749
0.241232
0.042011
0.389280
0.040083
0.138309
0.220774
0.151631
0.169813
0.064152
0.016801
0.054581
0.028767
0.209678
0.329924
0.321158
0.098469
0.053354
0.041330
0.199789
0.072643
0.103615
0.260443
0.219338
0.189800
0.474345
0.201893
0.057630
0.206022
0.388849
0.377314
0.237232
0.062588
0.075118
0.261325
0.143870
0.095169
0.052211
0.481843
0.046926
0.040765
0.007128
0.029593
0.126940
0.258119
0.166758
0.006552
0.053671
0.286039
0.021229
0.377651
0.011137
0.004408
0.109369
0.091348
0.102513
0.324823
0.114620
0.358877
0.204075
0.039609
0.059494
0.219328
0.158726
0.048152
0.128655
0.078983
0.310708
0.134371
0.113354
0.083095
0.363947
0.153149
0.229096
0.063242
0.051809
0.023942
0.262993
0.294875
0.208579
0.097461
0.007499
0.383814
0.096670
0.141840
0.344570
0.069553
0.127812
0.205799
0.239218
0.038350
0.308603
0.030986
0.010416
0.014446
0.051973
0.134697
0.212080
0.121051
0.210175
0.065101
0.024684
0.058173
0.144765
0.385048
0.268139
0.117769
0.657114
0.072053
0.178939
0.005540
0.154948
0.030833
0.140246
0.089393
0.158696
0.028321
0.004373
0.117164
0.349631
0.007879
0.375955
0.061888
0.075707
0.168242
0.062311
0.109782
0.055732
0.078065
0.220543
0.049190
0.180305
0.073317
0.085354
0.168632
0.211938
0.045235
0.538723
0.017533
0.119678
0.201360
0.190925
0.107325
0.214042
0.171548
0.081551
0.376269
0.205707
0.030584
0.120386
0.005573
0.106921
0.197020
0.349211
0.195533
0.015749
0.223536
0.154497
0.055591
0.031143
0.312628
0.008086
0.032145
0.296125
0.146470
0.065879
0.006664
0.009011
0.170707
0.265642
0.072519
0.378890
0.107965
0.107128
0.459763
0.013585
0.031212
0.019293
0.087605
0.078674
0.115199
0.140800
0.196372
0.036769
0.041128
0.033413
0.206119
0.265596
0.113251
0.649782
0.079528
0.070605
0.077978
0.300286
0.103348
0.143499
0.323918
0.060756
0.009000
0.129151
0.083918
0.016801
0.059417
0.214577
0.015316
0.084522
0.278281
0.179443
0.186460
0.042152
0.025141
0.066212
0.183111
0.093281
0.099551
0.133353
0.165544
0.029339
0.101904
0.416413
0.069774
0.048179
0.165546
0.032222
0.099002
0.181158
0.026218
0.229886
0.238082
0.080166
0.053360
0.168762
0.054114
0.027435
0.025104
0.250314
0.133822
0.152458
0.291853
0.072418
0.184417
0.243812
0.275863
0.206072
0.074173
0.035313
0.027124
0.213464
0.074816
0.144130
0.212277
0.006756
0.234237
0.343967
0.036348
0.042615
0.231539
0.047502
0.220026
0.242764
0.403571
0.346820
0.115770
0.552468
0.378008
0.041003
0.237684
0.094653
0.107484
0.233045
0.364881
0.094305
0.011763
0.141845
0.033819
0.323120
0.044314
0.033783
0.236746
0.047397
0.241128
0.010801
0.284260
0.238142
0.280889
0.049850
0.107091
0.003084
0.119241
0.192899
0.031267
0.214041
0.004716
0.015583
0.016583
0.142010
0.225029
0.111491
0.020920
0.139813
0.019750
0.288341
0.073694
0.259101
0.335287
0.215224
0.018714
0.338877
0.310857
0.019328
0.180423
0.299643
0.043023
0.235061
0.272175
0.082834
0.342666
0.100474
0.001547
0.325384
0.027495
0.024080
0.113294
0.014386
0.056384
0.193186
0.043424
0.398664
0.010023
0.211665
0.237890
0.484061
0.340252
0.191733
0.083955
0.271667
0.096571
0.058180
0.168904
0.277159
0.144756
0.244444
0.011436
0.306297
0.219232
0.049645
0.008487
0.014465
0.111718
0.031952
0.005817
0.233757
0.011641
0.141863
0.055535
0.014818
0.252073
0.013310
0.304031
0.099059
0.081489
0.322792
0.002783
0.187636
0.245711
0.071466
0.331645
0.056845
0.165227
0.149866
0.004992
0.025759
0.020805
0.369273
0.018031
0.109633
0.414917
0.020488
0.396351
0.289590
0.211022
0.115937
0.001428
0.119812
0.144447
0.050652
0.062295
0.164316
0.267826
0.235565
0.215835
0.102972
0.310708
0.228600
0.240904
0.285528
0.115261
0.307077
0.399416
0.020440
0.048151
0.147398
0.049117
0.155254
0.099522
0.241846
0.205463
0.426788
0.020523
0.091676
0.037017
0.004890
0.026901
0.343278
0.326274
0.040032
0.017575
0.313436
0.106165
0.006645
0.222625
0.347618
0.032782
0.116362
0.103722
0.075807
0.297100
0.114587
0.266482
0.141403
0.329969
0.039589
0.196609
0.052683
0.277025
0.159643
0.018279
0.140492
0.481143
0.170862
0.183492
0.123103
0.192378
0.040350
0.206275
0.145606
0.096293
0.126150
0.037243
0.097384
0.027292
0.040374
0.081360
0.380879
0.625238
0.137030
0.352656
0.014416
0.327925
0.218436
0.096543
0.239247
0.071655
0.274634
0.042012
0.492065
0.014691
0.060934
0.069073
0.092987
0.152648
0.268646
0.443226
0.008200
0.101555
0.084033
0.058884
0.582504
0.314361
0.034619
0.355311
0.040001
0.254559
0.056965
0.194625
0.269042
0.077871
0.072232
0.318023
0.063216
0.058693
0.076181
0.099324
0.042794
0.001387
0.217776
0.311916
0.061831
0.044476
0.118012
0.013711
0.089809
0.017554
0.053631
0.329201
0.159095
0.155701
0.071765
0.007232
0.168038
0.002120
0.205509
0.215019
0.016944
0.406974
0.009085
0.240484
0.341415
0.109867
0.117666
0.013669
0.051486
0.196152
0.046495
0.305434
0.024710
0.185278
0.168518
0.134787
0.186959
0.597587
0.061579
0.024559
0.363374
0.194126
0.001451
0.207234
0.021918
0.195473
0.192442
0.386168
0.099131
0.055299
0.000163
0.370930
0.211761
0.517306
0.103599
0.065606
0.040958
0.051479
0.139910
0.012491
0.018999
0.442892
0.214345
0.297049
0.005002
0.087002
0.066888
0.122643
0.173869
0.038953
0.106725
0.011240
0.058968
0.566418
0.036251
0.062518
0.107171
0.301250
0.211943
0.228698
0.022813
0.333851
0.021898
0.225677
0.182635
0.224686
0.103174
0.266747
0.208146
0.183551
0.157227
0.179635
0.177596
0.169289
0.217238
0.032664
0.038217
0.128107
0.245342
0.062440
0.059836
0.185583
0.092229
0.284437
0.273867
0.405569
0.014509
0.096840
0.558211
0.024462
0.103932
0.025226
0.103609
0.125053
0.070260
0.098155
0.029173
0.135393
0.055660
0.123853
0.072178
0.105089
0.066065
0.127108
0.064647
0.047890
0.342036
0.185599
0.087960
0.226259
0.114056
0.111156
0.102778
0.070737
0.032759
0.327303
0.230289
0.230146
0.219371
0.044613
0.303099
0.026457
0.319273
0.143792
0.057120
0.069203
0.207743
0.042043
0.111681
0.398353
0.226284
0.051356
0.120488
0.172355
0.369880
0.251652
0.180738
0.206145
0.065051
0.282159
0.224957
0.370072
0.317619
0.029311
0.019172
0.245259
0.091985
0.293263
0.161021
0.158633
0.293152
0.121848
0.037271
0.015995
0.112799
0.015192
0.377285
0.288214
0.082203
0.042583
0.055100
0.005413
0.096484
0.027538
0.047285
0.115968
0.135340
0.022932
0.042394
0.324610
0.194747
0.109297
0.183961
0.274347
0.096242
0.342336
0.038012
0.010577
0.014233
0.195320
0.007626
0.383352
0.226490
0.040312
0.041604
0.185018
0.130614
0.257763
0.058397
0.063495
0.150653
0.121817
0.230071
0.354642
0.146745
0.147797
0.209346
0.163383
0.404535
0.185140
0.127642
0.041339
0.504499
0.031894
0.180390
0.123370
0.278280
0.035389
0.079605
0.012309
0.254036
0.053798
0.009365
0.044687
0.033785
0.045899
0.239208
0.422155
0.391289
0.008165
0.276674
0.155193
0.017284
0.059502
0.116798
0.080907
0.318130
0.068703
0.152254
0.093097
0.037911
0.060386
0.285062
0.337596
0.041987
0.272663
0.016566
0.174294
0.069374
0.348610
0.253849
0.265200
0.087874
0.020096
0.006750
0.178321
0.104109
0.018888
0.020478
0.297730
0.231155
0.057123
0.128552
0.054073
0.001342
0.096032
0.129297
0.008288
0.409342
0.024258
0.036035
0.071779
0.004945
0.058887
0.160047
0.065834
0.008969
0.027135
0.039260
0.053973
0.055594
0.069754
0.131292
0.148845
0.027379
0.471029
0.313220
0.121585
0.209243
0.127885
0.320929
0.222501
0.060607
0.043393
0.018627
0.107500
0.149982
0.031927
0.062113
0.508341
0.001593
0.186893
0.283789
0.044895
0.143359
0.031067
0.240668
0.030665
0.094315
0.170354
0.270541
0.052845
0.240600
0.153384
0.002746
0.550793
0.152239
0.171770
0.006292
0.133728
0.075993
0.088711
0.042118
0.097350
0.078002
0.032646
0.118767
0.274832
0.093140
0.287883
0.446071
0.013938
0.025637
0.122109
0.224232
0.160529
0.298881
0.008117
0.232422
0.203137
0.071507
0.025597
0.107312
0.120360
0.188341
0.035401
0.123874
0.051801
0.053096
0.187250
0.114083
0.050026
0.036104
0.324940
0.030750
0.051863
0.059698
0.196028
0.205567
0.012103
0.128810
0.059529
0.400030
0.117054
0.105914
0.008197
0.052387
0.275933
0.027696
0.202298
0.044440
0.153414
0.148808
0.010958
0.283678
0.200897
0.182509
0.051065
0.010870
0.084529
0.013066
0.434933
0.174553
0.252697
0.168450
0.042307
0.009710
0.394555
0.327995
0.265952
0.067412
0.003640
0.161265
0.033099
0.558808
0.093469
0.075586
0.006228
0.155100
0.251928
0.061050
0.245922
0.263716
0.355083
0.052696
0.040480
0.026092
0.239606
0.007256
0.210717
0.458613
0.141302
0.037994
0.043939
0.245688
0.156340
0.510978
0.270093
0.335614
0.106769
0.565717
0.040865
0.020074
0.023576
0.128108
0.316575
0.246656
0.268175
0.370245
0.267556
0.169796
0.059599
0.051046
0.182956
0.001168
0.166920
0.086392
0.286587
0.183940
0.037316
0.197822
0.002851
0.202136
0.218322
0.013079
0.558905
0.372660
0.041805
0.053688
0.084129
0.219350
0.019956
0.032807
0.053938
0.059445
0.229028
0.072533
0.100327
0.004708
0.097209
0.112047
0.038403
0.165236
0.062860
0.136028
0.202395
0.045068
0.341072
0.160152
0.028446
0.274872
0.137442
0.202624
0.276350
0.251780
0.332815
0.132874
0.012740
0.067621
0.245871
0.047160
0.147040
0.019096
0.043510
0.004008
0.080476
0.032685
0.045872
0.131474
0.159042
0.315145
0.004767
0.204798
0.012926
0.043252
0.150317
0.257579
0.117837
0.087462
0.014760
0.273658
0.401812
0.165124
0.170593
0.041708
0.005879
0.169560
0.351470
0.007721
0.080144
0.124971
0.069839
0.285286
0.285417
0.266042
0.279573
0.300250
0.235491
0.085598
0.047474
0.121122
0.182085
0.178614
0.158973
0.082190
0.254710
0.033187
0.210186
0.081505
0.206501
0.035228
0.200363
0.060158
0.000084
0.036909
0.001785
0.087349
0.152548
0.088675
0.067898
0.162827
0.201991
0.073639
0.083730
0.129157
0.186485
0.033915
0.204868
0.019225
0.003486
0.519694
0.220577
0.209571
0.206631
0.128251
0.012463
0.092390
0.281611
0.272365
0.144537
0.049855
0.235196
0.019550
0.034861
0.046395
0.135838
0.195361
0.083468
0.449773
0.093669
0.061487
0.023873
0.221564
0.106209
0.212117
0.184392
0.016297
0.056162
0.316204
0.046109
0.167741
0.465072
0.035107
0.148044
0.314135
0.261647
0.174362
0.057301
0.352035
0.569854
0.204878
0.250516
0.007326
0.014631
0.302836
0.213513
0.126593
0.055876
0.126214
0.371003
0.056880
0.132942
0.173238
0.002509
0.154242
0.098963
0.221118
0.077126
0.053517
0.038031
0.175658
0.141070
0.045580
0.027836
0.372596
0.003945
0.255463
0.085163
0.014444
0.221746
0.035826
0.238580
0.008028
0.576627
0.255549
0.173401
0.112561
0.033654
0.241144
0.032893
0.132388
0.278247
0.106739
0.286619
0.180113
0.113327
0.033256
0.023550
0.310153
0.401087
0.107843
0.456353
0.075818
0.370640
0.111231
0.163221
0.230764
0.049781
0.037727
0.241922
0.267584
0.106567
0.499797
0.098027
0.122112
0.047695
0.207041
0.079274
0.068214
0.065808
0.334321
0.161497
0.040890
0.181992
0.457060
0.081684
0.378829
0.083922
0.222392
0.092082
0.077990
0.210089
0.196065
0.088665
0.264005
0.037931
0.266662
0.547851
0.132886
0.030414
0.037208
0.121501
0.028153
0.204507
0.056936
0.115110
0.225293
0.041401
0.313997
0.301084
0.163140
0.241019
0.113587
0.006793
0.205174
0.299845
0.121961
0.215080
0.105048
0.008877
0.254063
0.188925
0.080549
0.225438
0.122461
0.032703
0.141525
0.087802
0.016863
0.141915
0.082779
0.127352
0.203664
0.180502
0.152927
0.243117
0.029713
0.034746
0.073542
0.232354
0.171649
0.056548
0.031326
0.450242
0.075411
0.023630
0.144184
0.158042
0.015525
0.194535
0.300941
0.036620
0.087375
0.242688
0.056637
0.008903
0.229694
0.423586
0.008691
0.009825
0.013318
0.126813
0.008419
0.125059
0.165897
0.438564
0.115077
0.104964
0.046855
0.015365
0.333555
0.002794
0.018898
0.126931
0.271070
0.051319
0.334853
0.086537
0.008209
0.255667
0.260344
0.127393
0.150336
0.087715
0.351755
0.151103
0.157435
0.000647
0.020334
0.020931
0.083133
0.140875
0.122378
0.041804
0.017927
0.032693
0.023093
0.023463
0.023159
0.070655
0.501124
0.265174
0.044258
0.084239
0.160326
0.076663
0.046185
0.422809
0.278166
0.082647
0.322798
0.040174
0.057031
0.169959
0.317609
0.023736
0.050985
0.080816
0.094048
0.047875
0.193912
0.083428
0.092699
0.149816
0.245384
0.100774
0.137192
0.048417
0.096657
0.052209
0.050643
0.067459
0.313335
0.150264
0.305112
0.045504
0.237070
0.048633
0.256681
0.163356
0.409110
0.055526
0.189243
0.124802
0.038302
0.103306
0.021817
0.143421
0.069997
0.186996
0.015174
0.051639
0.183358
0.064708
0.143234
0.407322
0.091815
0.065944
0.387860
0.010604
0.131870
0.326955
0.071375
0.054832
0.007641
0.503855
0.353964
0.022496
0.087130
0.090485
0.300050
0.357523
0.124478
0.053635
0.285949
0.216383
0.280935
0.124061
0.003624
0.054695
0.061215
0.302756
0.018252
0.074696
0.044251
0.065090
0.146451
0.676902
0.217450
0.056269
0.119429
0.107437
0.344341
0.022264
0.058473
0.041386
0.256929
0.045252
0.210899
0.334239
0.174115
0.135176
0.403829
0.006344
0.183386
0.172944
0.059630
0.082962
0.284214
0.083044
0.079513
0.033836
0.029027
0.140272
0.116641
0.173454
0.523581
0.175247
0.090714
0.148546
0.117001
0.005866
0.269002
0.002919
0.011968
0.030743
0.057423
0.316782
0.044747
0.020252
0.190467
0.123226
0.220630
0.159932
0.192138
0.356919
0.314342
0.054879
0.150203
0.044234
0.165678
0.187133
0.144439
0.189417
0.216575
0.011922
0.079317
0.101868
0.104111
0.067509
0.282124
0.091589
0.032271
0.120808
0.111829
0.248462
0.070008
0.055739
0.208489
0.144634
0.189768
0.067718
0.078766
0.043387
0.012035
0.013670
0.319453
0.151233
0.103498
0.083732
0.401584
0.301419
0.065242
0.088386
0.152163
0.009870
0.138997
0.273563
0.277943
0.076773
0.053677
0.570642
0.035641
0.242682
0.123721
0.263878
0.151955
0.055969
0.057024
0.014483
0.218555
0.136217
0.069005
0.049975
0.251012
0.471445
0.002003
0.070906
0.398360
0.020719
0.012198
0.106729
0.155613
0.171964
0.204052
0.188277
0.294618
0.065486
0.030079
0.012538
0.100692
0.200486
0.026135
0.148972
0.146899
0.248508
0.021766
0.537373
0.011453
0.047116
0.264593
0.088071
0.030895
0.045910
0.016791
0.112483
0.022274
0.261229
0.006018
0.084302
0.268789
0.127868
0.052451
0.177991
0.039295
0.035165
0.173045
0.106942
0.474101
0.119603
0.106177
0.236853
0.006461
0.111908
0.002434
0.017769
0.078986
0.333594
0.007556
0.383001
0.231564
0.222220
0.201133
0.074974
0.192767
0.005736
0.021662
0.224318
0.012186
0.042450
0.285639
0.052878
0.296390
0.199883
0.071849
0.051263
0.054202
0.013264
0.401702
0.089511
0.068193
0.392948
0.086964
0.093775
0.212641
0.003221
0.002651
0.149219
0.201621
0.068969
0.210389
0.296857
0.076555
0.017227
0.035799
0.045573
0.035653
0.031866
0.420616
0.059165
0.102339
0.121906
0.076332
0.157878
0.008099
0.560815
0.108782
0.187471
0.037336
0.103735
0.383079
0.234410
0.063425
0.019491
0.321182
0.347693
0.041154
0.138934
0.016189
0.148503
0.043324
0.271064
0.081749
0.051304
0.039114
0.005142
0.217075
0.082126
0.121505
0.125565
0.125895
0.344752
0.092122
0.149322
0.074776
0.058098
0.027031
0.037162
0.113046
0.417574
0.214041
0.217358
0.070605
0.091497
0.284813
0.454584
0.033543
0.058834
0.099971
0.402557
0.173619
0.037226
0.077270
0.238188
0.275904
0.036421
0.047208
0.022108
0.081256
0.014774
0.127648
0.122689
0.092949
0.102772
0.132949
0.025528
0.206694
0.184673
0.074070
0.237002
0.335032
0.369544
0.408274
0.122358
0.294945
0.265040
0.189763
0.258095
0.018866
0.204671
0.004528
0.051859
0.023736
0.220466
0.157011
0.325149
0.071471
0.100448
0.215702
0.092823
0.303840
0.174567
0.029663
0.312093
0.355636
0.007077
0.183736
0.121815
0.003844
0.118105
0.119864
0.022720
0.129192
0.269358
0.153615
0.078613
0.041264
0.295604
0.003219
0.193011
0.113805
0.139408
0.096397
0.170516
0.109726
0.089371
0.075101
0.188436
0.216397
0.397223
0.211129
0.246951
0.275751
0.207063
0.080821
0.087086
0.304121
0.270305
0.262462
0.209248
0.040963
0.125129
0.042196
0.054237
0.081946
0.034538
0.253049
0.106599
0.033069
0.135709
0.359469
0.048287
0.083324
0.115405
0.129266
0.246370
0.278486
0.025649
0.214105
0.260232
0.051077
0.013807
0.164675
0.401708
0.230944
0.252378
0.008923
0.098597
0.365529
0.084017
0.422096
0.162107
0.142992
0.207298
0.103175
0.029134
0.076378
0.323194
0.154293
0.082175
0.014888
0.052222
0.214040
0.375415
0.063298
0.116803
0.070916
0.301851
0.067307
0.014089
0.320213
0.335643
0.091730
0.096383
0.179941
0.134005
0.334227
0.023092
0.258619
0.073011
0.252836
0.119959
0.118426
0.064860
0.295723
0.220702
0.194176
0.173648
0.083193
0.060836
0.047143
0.251651
0.135770
0.042056
0.090497
0.190900
0.252829
0.031677
0.046166
0.105860
0.165856
0.262990
0.087677
0.233627
0.216062
0.299028
0.385674
0.017506
0.342377
0.021263
0.239270
0.181920
0.034478
0.176630
0.298246
0.079891
0.141581
0.028524
0.130892
0.083912
0.310585
0.012517
0.127732
0.112050
0.066523
0.044106
0.105653
0.028521
0.013779
0.011788
0.052746
0.102145
0.034452
0.050798
0.637343
0.003556
0.031212
0.000852
0.211207
0.037992
0.175316
0.109861
0.104962
0.061292
0.416289
0.260629
0.020541
0.101300
0.346660
0.150816
0.169181
0.249507
0.204381
0.197567
0.414314
0.061246
0.008779
0.010625
0.356205
0.068701
0.167181
0.067027
0.011559
0.195120
0.190522
0.258891
0.105110
0.043967
0.107243
0.029432
0.216331
0.430444
0.217862
0.209294
0.009947
0.083328
0.095195
0.436024
0.144097
0.008915
0.023075
0.216657
0.031277
0.123919
0.009971
0.212716
0.030846
0.213634
0.214267
0.022361
0.159377
0.291923
0.044040
0.229326
0.094778
0.005835
0.161382
0.341377
0.124550
0.298140
0.036319
0.030232
0.039049
0.094710
0.256906
0.144132
0.174495
0.003873
0.056000
0.135501
0.027985
0.081875
0.238294
0.134754
0.118306
0.347625
0.285417
0.249007
0.030847
0.072647
0.122292
0.155611
0.212658
0.045844
0.038921
0.053057
0.103984
0.064521
0.166635
0.019886
0.142401
0.145712
0.003714
0.253366
0.035125
0.036398
0.055162
0.074425
0.048925
0.379259
0.065437
0.199227
0.294843
0.063061
0.055572
0.130167
0.051746
0.015466
0.213587
0.079099
0.054973
0.344643
0.009539
0.239001
0.217154
0.192057
0.050288
0.041615
0.165263
0.262644
0.070894
0.421756
0.110896
0.389403
0.094962
0.018901
0.510678
0.011146
0.083755
0.180924
0.001840
0.009983
0.313045
0.341609
0.187386
0.268420
0.177833
0.159099
0.226149
0.127971
0.028099
0.271018
0.152012
0.057299
0.041905
0.088721
0.197268
0.065533
0.090974
0.294262
0.109070
0.118603
0.036735
0.002260
0.038767
0.488581
0.050436
0.024766
0.118060
0.083106
0.598995
0.117479
0.093687
0.130417
0.052120
0.151405
0.245155
0.009127
0.094121
0.116475
0.302749
0.191162
0.199064
0.003841
0.027188
0.079760
0.005793
0.420530
0.018081
0.338581
0.100992
0.440184
0.169732
0.006897
0.562726
0.065229
0.077750
0.050885
0.068993
0.003218
0.046955
0.155025
0.032807
0.020652
0.221039
0.116338
0.108297
0.021625
0.092438
0.021559
0.025028
0.114830
0.000424
0.088465
0.159441
0.063218
0.091213
0.058633
0.059691
0.005043
0.218893
0.222379
0.305825
0.051961
0.133576
0.040586
0.071928
0.051406
0.138261
0.080234
0.150723
0.125232
0.068067
0.051209
0.250090
0.012135
0.173685
0.081955
0.252880
0.108468
0.101514
0.222196
0.141397
0.090040
0.072629
0.205018
0.099306
0.036332
0.124855
0.082791
0.046481
0.146286
0.016203
0.253239
0.234821
0.129600
0.174879
0.158157
0.311904
0.077078
0.107110
0.022937
0.283429
0.146938
0.263158
0.071930
0.018792
0.480753
0.241647
0.107105
0.474468
0.088835
0.137273
0.079083
0.469420
0.178900
0.060004
0.099693
0.220328
0.049098
0.405187
0.006151
0.126920
0.002980
0.178893
0.255972
0.119869
0.213642
0.005319
0.220820
0.205019
0.122823
0.078165
0.194311
0.199272
0.053628
0.306788
0.129265
0.268525
0.118758
0.217222
0.280564
0.323863
0.079264
0.208056
0.094498
0.114956
0.269949
0.025967
0.052501
0.292531
0.307739
0.229578
0.110692
0.041923
0.212912
0.008037
0.032809
0.246578
0.209595
0.061380
0.067985
0.092171
0.206294
0.030865
0.064487
0.098389
0.079398
0.212987
0.106664
0.180207
0.141776
0.009337
0.160055
0.014993
0.344800
0.085788
0.249117
0.126611
0.201151
0.056066
0.474737
0.317543
0.045984
0.223575
0.025026
0.012352
0.057995
0.021634
0.092803
0.005104
0.118986
0.054277
0.328556
0.145286
0.140721
0.329036
0.145223
0.319409
0.116112
0.106567
0.018479
0.227673
0.608991
0.107080
0.174585
0.490982
0.301919
0.242870
0.066051
0.562229
0.211235
0.016453
0.019861
0.178340
0.165965
0.183494
0.010617
0.211048
0.218121
0.160827
0.015827
0.000089
0.316327
0.217974
0.028000
0.150835
0.060268
0.037433
0.343399
0.037855
0.072968
0.414140
0.091313
0.060378
0.135852
0.070145
0.165278
0.193168
0.049775
0.010642
0.116680
0.076242
0.026786
0.088396
0.287499
0.278325
0.116251
0.088823
0.213986
0.238127
0.047528
0.018083
0.197477
0.249422
0.134770
0.078895
0.169786
0.073070
0.005284
0.027319
0.193680
0.186684
0.102938
0.274940
0.005427
0.199141
0.006092
0.134781
0.430220
0.155574
0.110436
0.075966
0.191915
0.121260
0.571712
0.095790
0.035936
0.241878
0.000944
0.561944
0.129812
0.154537
0.297854
0.359197
0.262600
0.366714
0.047506
0.170312
0.283743
0.097121
0.183596
0.157338
0.043762
0.196699
0.030261
0.086520
0.075923
0.178876
0.258014
0.114250
0.012811
0.135574
0.075512
0.067406
0.257871
0.016444
0.214103
0.328187
0.259989
0.207960
0.052514
0.076421
0.025118
0.175564
0.061728
0.240827
0.316179
0.415849
0.047415
0.280734
0.162203
0.273485
0.005170
0.080748
0.306266
0.043636
0.027266
0.111099
0.104123
0.028597
0.057593
0.172685
0.017482
0.021600
0.175232
0.050532
0.127741
0.147494
0.063101
0.318937
0.105624
0.163896
0.130555
0.133196
0.138187
0.232340
0.096376
0.104265
0.067194
0.195149
0.071902
0.010403
0.084698
0.054387
0.070032
0.023761
0.165893
0.568067
0.056862
0.319151
0.117228
0.158842
0.052683
0.429097
0.356384
0.203553
0.632775
0.178678
0.094916
0.096551
0.107854
0.077386
0.154399
0.057485
0.445510
0.216969
0.147082
0.038548
0.339583
0.108348
0.273870
0.621190
0.009379
0.000813
0.140032
0.006719
0.143227
0.067474
0.059051
0.293685
0.187278
0.392495
0.000442
0.219005
0.228562
0.370917
0.374651
0.212713
0.084677
0.102071
0.032427
0.024424
0.058442
0.104017
0.187624
0.294879
0.070737
0.260926
0.088969
0.191004
0.235750
0.128554
0.149454
0.304518
0.142051
0.070865
0.062650
0.230187
0.393083
0.069456
0.147855
0.268307
0.235587
0.431729
0.057702
0.286210
0.151483
0.236087
0.047271
0.343109
0.032263
0.086673
0.251511
0.047420
0.067607
0.152161
0.268986
0.258482
0.110742
0.038232
0.143153
0.167423
0.134013
0.206946
0.646984
0.023661
0.112695
0.066332
0.134132
0.151431
0.137357
0.170699
0.107132
0.155844
0.000194
0.050418
0.057702
0.029506
0.186690
0.319024
0.139661
0.016531
0.250615
0.235262
0.097722
0.212372
0.381924
0.230292
0.259308
0.150647
0.015772
0.092926
0.222185
0.225406
0.079838
0.271404
0.270460
0.355755
0.245908
0.038555
0.152918
0.134316
0.013406
0.251904
0.215662
0.230539
0.055020
0.082684
0.102875
0.138227
0.146388
0.263318
0.436568
0.227738
0.371038
0.378807
0.068232
0.222492
0.106522
0.054256
0.040510
0.077520
0.004214
0.208132
0.024270
0.038649
0.074436
0.101275
0.003497
0.098390
0.030294
0.358656
0.106675
0.040958
0.072954
0.078969
0.147590
0.247370
0.119167
0.245157
0.091699
0.064286
0.292679
0.049137
0.218329
0.034727
0.048815
0.263475
0.217072
0.054002
0.202550
0.137954
0.284444
0.215308
0.004112
0.278809
0.541533
0.618006
0.032376
0.118910
0.006359
0.259189
0.043407
0.104974
0.541406
0.084984
0.033332
0.011223
0.121709
0.226818
0.136331
0.031430
0.044271
0.165447
0.198529
0.264058
0.097673
0.054625
0.279762
0.070158
0.110603
0.156496
0.017601
0.146256
0.013434
0.140729
0.183833
0.288003
0.167861
0.352151
0.014969
0.061102
0.021561
0.115041
0.021385
0.266220
0.149310
0.341704
0.117670
0.006084
0.201791
0.213081
0.007331
0.043369
0.046446
0.295647
0.247500
0.303682
0.111349
0.128986
0.369116
0.163809
0.043415
0.132654
0.055313
0.057298
0.174410
0.054276
0.042263
0.040003
0.046556
0.088813
0.190881
0.042645
0.066276
0.016264
0.103165
0.089296
0.213955
0.105421
0.243186
0.132137
0.043100
0.273052
0.029946
0.208405
0.247608
0.064754
0.161324
0.223320
0.090510
0.055535
0.116821
0.029802
0.116234
0.098129
0.013405
0.082997
0.503661
0.385682
0.147742
0.339041
0.025492
0.154713
0.061876
0.029083
0.047511
0.001972
0.193751
0.076742
0.370683
0.126355
0.017017
0.175036
0.090846
0.010073
0.060855
0.054599
0.292742
0.353079
0.057064
0.271560
0.270951
0.416972
0.133737
0.001000
0.130914
0.097382
0.355590
0.385542
0.064773
0.185984
0.187122
0.280376
0.239431
0.165537
0.000055
0.118983
0.383620
0.561307
0.053683
0.381342
0.014279
0.037175
0.017491
0.094674
0.148436
0.003966
0.020562
0.103204
0.008773
0.021196
0.011067
0.117450
0.061327
0.194155
0.257884
0.340747
0.022567
0.081470
0.054941
0.208980
0.265596
0.172927
0.022008
0.271698
0.100326
0.392470
0.318798
0.149365
0.047258
0.161476
0.080735
0.126700
0.012479
0.108585
0.099427
0.030347
0.163590
0.258168
0.208332
0.022422
0.062040
0.132357
0.010974
0.011028
0.080692
0.029443
0.342472
0.366017
0.180429
0.042886
0.316345
0.149768
0.072373
0.003000
0.012920
0.112415
0.209103
0.442787
0.267763
0.155014
0.051490
0.012543
0.061171
0.456390
0.007758
0.408483
0.025758
0.247122
0.083133
0.103069
0.022907
0.048190
0.190990
0.168995
0.204522
0.078666
0.077824
0.404599
0.042916
0.210984
0.265607
0.032252
0.376969
0.019145
0.104903
0.039503
0.178609
0.050963
0.011153
0.073751
0.289179
0.307677
0.022671
0.039455
0.159800
0.092771
0.176721
0.172916
0.354738
0.239786
0.029410
0.243950
0.201290
0.135690
0.129915
0.162463
0.028156
0.078301
0.406279
0.178343
0.148239
0.042396
0.001876
0.187955
0.131589
0.125985
0.041794
0.024781
0.029820
0.015954
0.223514
0.078223
0.216193
0.302619
0.044136
0.093409
0.114629
0.011703
0.072761
0.044234
0.173254
0.048954
0.039724
0.359486
0.091502
0.014782
0.136654
0.123440
0.007998
0.255854
0.358493
0.103625
0.031408
0.292088
0.120629
0.116010
0.053334
0.026587
0.007530
0.335739
0.089879
0.063776
0.257332
0.199313
0.100545
0.231453
0.174304
0.207124
0.072715
0.112113
0.055215
0.026425
0.019898
0.221651
0.111483
0.027188
0.037500
0.065198
0.136208
0.259049
0.119028
0.046983
0.006142
0.093998
0.024040
0.335641
0.024932
0.192565
0.323458
0.062401
0.087986
0.099839
0.007372
0.033103
0.369880
0.027207
0.233501
0.138756
0.122028
0.126639
0.209795
0.108467
0.010866
0.136799
0.484265
0.288759
0.205241
0.195698
0.437797
0.319406
0.052713
0.294395
0.073818
0.258005
0.009598
0.282887
0.225660
0.009231
0.311155
0.199299
0.100990
0.410030
0.237577
0.014587
0.086286
0.111306
0.067576
0.035829
0.037867
0.032097
0.048376
0.129498
0.242353
0.031586
0.060060
0.042258
0.060103
0.270534
0.206140
0.248078
0.057485
0.192268
0.171277
0.024145
0.311691
0.037653
0.016146
0.021385
0.438369
0.247340
0.066876
0.028143
0.216406
0.006919
0.643094
0.058594
0.252975
0.010421
0.444625
0.049642
0.209628
0.259557
0.299084
0.238142
0.304359
0.117097
0.004101
0.179601
0.017398
0.000493
0.102812
0.127316
0.073939
0.609354
0.190688
0.028658
0.283650
0.183800
0.059630
0.147262
0.296082
0.057914
0.190325
0.029296
0.049846
0.029301
0.048708
0.042928
0.275899
0.323694
0.045825
0.024617
0.055200
0.018711
0.017389
0.040648
0.028884
0.035791
0.206603
0.058616
0.099933
0.045875
0.043233
0.104227
0.067993
0.050250
0.097275
0.349534
0.288958
0.206062
0.001301
0.117326
0.070836
0.229726
0.084807
0.000608
0.195533
0.006388
0.386436
0.262072
0.040586
0.108537
0.119607
0.001403
0.171299
0.055149
0.002511
0.377448
0.032268
0.122815
0.002187
0.135495
0.190214
0.195968
0.196983
0.034992
0.292577
0.230458
0.354657
0.141129
0.131208
0.004626
0.073880
0.426081
0.025976
0.130052
0.345565
0.065128
0.132000
0.089254
0.217894
0.013601
0.082801
0.024057
0.227392
0.255088
0.116350
0.282062
0.134254
0.096581
0.245228
0.285210
0.052143
0.414039
0.237386
0.026197
0.044312
0.027757
0.022452
0.237986
0.073490
0.222165
0.166547
0.018491
0.109816
0.057814
0.142883
0.261247
0.039681
0.239939
0.090486
0.364038
0.133270
0.261160
0.103729
0.094220
0.333368
0.008447
0.044133
0.143359
0.109296
0.027563
0.229149
0.184591
0.128289
0.306622
0.025517
0.012103
0.199881
0.255403
0.101578
0.013047
0.064951
0.090528
0.014533
0.196206
0.022207
0.077672
0.237988
0.291343
0.044565
0.024709
0.053441
0.022406
0.006215
0.064160
0.095974
0.011025
0.188390
0.043748
0.290082
0.043311
0.536775
0.377997
0.168682
0.182268
0.189976
0.106464
0.184278
0.506194
0.068275
0.057844
0.206873
0.443245
0.588101
0.070452
0.052609
0.226400
0.006316
0.205290
0.152141
0.339305
0.081461
0.025879
0.078732
0.036578
0.226579
0.004589
0.134616
0.085418
0.244603
0.114115
0.312468
0.021011
0.144473
0.019306
0.183579
0.390314
0.045077
0.030525
0.020719
0.013160
0.074902
0.119603
0.092952
0.076292
0.135093
0.036866
0.093877
0.373661
0.060372
0.065025
0.023044
0.046514
0.096497
0.063864
0.088033
0.132240
0.010605
0.012810
0.130598
0.202716
0.156155
0.003667
0.047845
0.268269
0.203954
0.141023
0.061259
0.255507
0.025413
0.042265
0.076621
0.108910
