5974
6782
9013
2884
8001
135
5022
1570
5475
5594
2139
1630
3733
9502
9532
6379
6662
4158
1099
9785
7171
7717
7646
4129
3576
8780
3257
625
6688
2787
5260
9194
9806
8374
644
7773
9866
7610
9902
824
4743
9836
253
7719
72
492
4195
8736
341
2309
4398
9489
5046
1824
2225
9182
8057
4415
3864
334
4701
3366
4447
4751
4192
9566
7042
8962
6774
3465
4956
1460
8483
571
4987
3981
5135
5056
5380
7590
7581
7936
4111
3687
8627
1105
4865
6655
9747
4889
3672
5830
5266
6851
7498
754
2470
5774
7259
4491
5115
6834
2750
4559
7065
3501
1173
3723
3837
2874
7847
1158
7169
1412
9782
25
8547
5415
7845
1344
5673
8736
9283
5732
3475
8703
125
1658
2009
5771
7514
9104
48
3921
7418
6219
8421
6926
2575
829
3923
4784
4927
9221
9233
2652
59
696
454
355
2782
9708
1913
7581
6010
7175
2943
417
2928
7912
4413
6381
6001
3328
3240
3146
2687
8451
5931
415
896
8934
5457
9434
180
2545
2792
2523
3030
8495
8415
5487
1316
1869
3230
1882
9441
9439
2238
8424
8111
9948
1506
2888
902
9276
8757
7072
3870
94
5575
3532
6049
441
7618
4445
7897
374
8147
5482
9424
4632
4698
5421
5704
7268
9424
2425
4359
3631
724
6869
2000
2523
348
9477
2443
3369
2140
107
1254
6437
9274
7648
4326
5604
2559
7185
7569
341
2966
7995
3180
7505
4146
6523
2459
4386
2493
1477
9296
6505
5632
5854
126
6802
4444
9429
321
8481
9769
5660
8161
2069
3479
493
2258
614
207
3545
5770
3125
6579
2442
5137
3507
4560
7454
6309
427
6124
6808
366
7350
8324
496
5619
2005
4314
2829
1430
5016
6099
3036
5036
6860
7433
8602
6398
9150
3297
7533
2591
8432
4763
4580
3414
1100
4637
9993
7719
3450
3846
2660
183
4744
1458
7089
9375
8952
6743
7399
6241
1763
8561
2283
9498
8813
4861
4935
4621
5579
983
6951
1773
1487
1644
4091
8259
4754
5317
7050
9769
2529
3465
542
7196
3245
1751
5365
5573
1931
9091
1223
354
431
490
9902
9217
7469
1415
6867
5410
3389
8970
1230
8277
6810
3298
4084
1748
6991
6224
6417
7495
4641
624
9433
5608
9579
8191
9555
6320
8360
1452
2923
2023
6763
3256
5315
8979
8762
9862
8964
2875
4524
9729
296
7356
8975
4163
8682
6240
3394
5897
1265
5518
2511
2761
590
3748
8064
472
3344
3487
2935
9816
8874
2169
3410
3785
4236
5776
403
7906
5137
1254
3510
2193
1364
9473
6697
1364
6217
3847
3160
9111
932
9107
1639
1884
1245
8193
7523
880
8580
3567
944
4424
3065
2662
3432
9430
2867
4531
7203
9074
1225
6438
9803
7967
1255
9822
4457
943
6707
8294
1865
8535
6482
3419
3576
7768
3291
8234
6439
8380
9464
1113
658
5047
1153
3065
482
8799
6253
339
1593
1756
6091
7215
6695
7495
3855
16
2274
4559
589
3594
6791
3915
539
9792
1331
7658
9124
5103
7949
7227
5622
8134
3566
8415
6856
3869
6839
8627
9484
9291
8700
157
7279
5665
4889
7094
5862
5704
7485
8877
6429
6408
7860
5165
6841
1007
7478
2069
971
1626
9794
9152
1382
2097
8256
3068
6516
8789
4529
3081
7671
8225
8588
8527
9926
6140
8038
4429
4182
3760
2569
28
116
715
9572
558
7546
9629
4466
8685
7773
3430
6749
5554
3637
8592
1689
4299
312
4184
5199
4172
9513
1629
2172
7312
4806
62
1723
1477
7582
4274
586
4287
8418
9724
5394
7599
56
1352
2390
5280
9918
5722
744
5694
4014
2749
6636
2569
6641
2975
1321
1092
9864
3495
377
4941
2235
4921
3217
3998
9593
8438
616
1131
1468
6337
9595
4739
4366
1333
4799
6269
4394
8576
4753
7394
2831
3423
3621
7336
4111
9206
4041
189
4771
7253
6582
4036
4033
9380
8002
5675
8841
8402
8720
8599
8300
9023
2261
1185
9261
6888
9704
5848
3938
6864
1162
8942
6768
2293
6346
5590
2192
3448
3487
534
135
2643
7095
3982
4799
8769
4980
5720
444
1780
8492
8644
3731
4849
7610
9660
231
8081
5707
3365
9121
6632
2519
9740
398
7663
5731
6985
3678
1568
1251
267
1787
660
2037
3991
2804
3443
7517
3748
8517
264
2801
2997
4440
9174
7591
1986
6494
265
4534
2638
4126
7304
5461
7050
632
3397
4797
138
5124
2032
5177
3168
5728
5476
7719
1817
6224
1743
5096
510
974
1714
5474
1004
7620
428
9050
6523
5456
8804
7394
9857
4591
3338
5329
4092
7660
6416
9817
886
2790
3402
5485
9534
3341
9733
5417
6165
4257
7094
8455
3956
4400
537
3694
6428
2055
2338
6567
2045
5945
2572
6649
6732
8795
4950
3824
8515
2773
1249
147
7616
3435
3236
9869
4067
9654
1841
7026
5789
2495
4180
5644
4322
6029
474
2971
6546
5013
8198
1832
2714
4760
9733
6794
9271
4431
566
6814
4818
5343
8634
5303
8941
8077
629
2906
3985
2127
2927
2466
7301
7549
2456
2499
4579
4761
106
620
2156
8828
2025
2921
6438
9051
7232
4293
2825
9362
3013
2170
8433
1719
5707
7618
7549
8829
7848
9911
7741
5010
8632
2076
7980
2611
5020
2308
1361
8031
2122
3840
1537
8751
2016
6174
4698
1336
9864
2206
113
5432
6569
2944
4981
5542
4317
2192
6223
4271
3922
1297
4739
7202
1986
9535
6929
5373
6775
9022
7128
9155
4187
9172
196
9363
7138
8896
4639
2095
3025
1990
3975
6088
8610
6703
6839
4162
180
7228
4235
4694
3644
1290
7311
6097
6845
8035
5451
1248
9812
5306
4350
824
4488
7972
9274
6855
9733
2693
3770
5644
4571
9727
4877
5980
3514
8452
9735
7546
1867
430
7016
9339
8645
46
5556
1407
9218
6044
9740
8415
8949
6512
5346
3897
1658
4613
2723
4867
3788
9654
4233
2222
8912
9183
2376
9751
5992
2455
2187
6679
593
4185
5412
5910
9304
3002
3637
6670
2749
4452
6388
8190
4297
8590
2325
2724
5243
800
3293
670
9112
2317
5719
67
7339
2213
8391
2523
837
6638
8344
571
7395
5705
5264
9937
4887
4274
1581
1671
7632
2954
4207
4986
5629
6629
7986
6295
806
7812
5670
6196
8753
2508
1386
5146
3390
6806
2492
8086
7523
7405
2331
7364
382
2488
3593
4584
2362
6538
9967
1469
7498
9786
6544
8036
6542
9488
1133
4512
8266
4522
7209
7061
6547
9413
4775
1669
6589
8540
4628
2700
9016
2259
7129
7400
2263
3981
9960
5572
6425
3387
7985
366
2573
3491
1354
934
5894
9749
3139
6115
9209
5673
2706
7307
9094
7230
8008
2286
1490
2246
7395
733
3931
2821
5507
7327
5250
2870
7276
1256
6345
3631
8850
9417
788
2147
3510
3370
3370
2859
4226
1090
5333
9160
5725
7922
7607
1278
6796
4162
3198
1128
3027
5604
1854
6443
8003
9703
235
6558
9565
1995
431
9887
118
8246
7350
290
3476
3766
5461
9712
9192
6418
515
1941
5953
6169
3131
4032
2153
4838
9258
2966
2401
9163
1070
7195
1706
5080
1650
8511
6731
6378
9854
8842
1066
2656
6351
1126
3825
9384
6518
5163
2301
9515
6058
3660
2678
5748
1832
4825
5309
8488
132
7714
3694
8848
4581
9982
4381
804
5706
1507
865
857
8079
6206
3217
2700
6238
760
5992
7963
2339
7491
5824
4950
929
293
5108
1940
5237
3478
1093
2734
8950
2907
4843
2647
1458
6014
582
2288
2642
5432
3506
5138
8584
7221
5996
2700
8808
4158
6808
1599
483
4845
3792
5220
724
9456
4428
4845
6433
4664
7290
9995
4570
7782
9321
4555
5510
4149
6714
4038
9064
9906
670
7291
4911
6104
9832
1294
9839
9622
7856
3332
3024
8178
5830
501
3552
743
3704
5413
6907
4702
620
9983
3348
1142
6709
9855
5398
6494
2776
1425
721
1833
1518
372
156
1289
810
9091
8933
9249
2622
6459
2095
2730
4116
1933
6974
8617
8491
5924
5169
7101
9528
1299
797
474
7751
2773
5613
3485
3412
781
1375
500
732
5057
2091
2482
9234
6068
2295
870
5845
2763
4591
468
3045
9850
4859
9147
6505
9008
8213
1836
1473
8955
7238
6207
7855
1893
310
2563
8130
4616
1468
1490
7755
2304
525
9974
9118
4275
4755
4558
7172
796
905
8923
1383
7802
7083
3539
1067
2178
3244
6913
7344
4597
2842
4638
755
2278
1131
5965
5162
6697
3121
1359
9743
5362
8332
7362
8075
3111
4091
2927
7648
2162
7776
4196
4846
2215
138
4627
6442
8111
9684
6071
9505
3861
7743
8636
4859
4230
4142
1015
6332
439
1431
6834
8677
5197
1581
780
4691
6918
1063
5280
1401
7765
7712
1870
8703
818
3538
2848
1778
7271
5846
627
8108
813
8460
3265
5777
6365
5579
2259
8800
5876
560
2680
2739
7409
1831
4745
1529
302
3560
6353
3030
3587
8595
6042
9888
9232
4658
4241
2505
9690
3517
5030
802
162
602
8611
6627
3430
9191
8856
9403
9592
2619
4241
9575
7718
4686
9717
8936
8725
388
4
5812
4898
5314
7365
7203
1476
8849
2237
2908
2930
1274
6085
9516
335
2670
4344
8817
1060
7151
4953
1075
3056
1330
3630
9488
3550
7899
6226
4643
3005
8008
5274
9536
2767
7815
9738
3005
1874
2555
4530
2458
5586
6948
1180
5799
5931
5807
4576
8429
4131
827
1978
2228
3029
6609
4257
2823
5821
9027
3378
8964
4265
6227
7494
7868
4186
3008
6929
8190
7384
674
6831
9546
4342
2476
8446
2747
2861
5173
6905
3095
7656
340
3002
7520
6899
8356
2160
7360
3296
1079
44
291
2762
9057
4944
3811
5945
1535
2721
9112
9673
6588
6902
7896
324
3570
7164
6336
3
2267
6565
8729
1946
8165
1925
7905
9204
7331
4516
5597
1451
2079
8923
3402
699
8511
5651
4595
546
3777
87
154
5034
5977
9998
8145
7363
62
2755
2434
1028
7811
3589
7006
788
5813
292
8713
7057
8354
4615
4597
2934
8590
6919
4776
8473
8652
7859
6246
2552
9343
1240
6730
2686
5447
6369
1780
1937
9039
1663
1274
341
3053
3023
8946
8765
4950
3491
5262
1112
9294
5332
6812
2860
2430
6770
8165
552
1604
1415
7587
8382
4621
6492
3543
8937
894
4620
9826
8510
1113
2179
7726
4851
6013
8778
3320
4642
7750
4892
7625
2919
1773
520
6847
156
86
5289
3797
569
7601
1134
8691
9353
6716
4783
4360
8543
3382
7305
827
6800
8496
6771
4940
2876
7165
9803
6399
4902
2388
8154
9069
343
6727
224
2807
3319
4940
5525
6248
869
2804
5763
3780
715
1316
2176
7711
8171
6630
9900
6810
8364
7068
7702
1379
4098
9182
2437
1296
380
4246
1684
1586
4651
5081
1959
2015
4104
675
3314
9708
2202
5914
5007
738
5883
5847
4344
2464
1079
1974
332
1081
2267
4126
2442
9119
3065
3956
8844
1021
8286
3089
2136
2665
7509
5520
6795
4114
367
9260
6796
7028
2595
9386
1315
3159
8389
5933
4741
3
4099
92
4032
4353
6667
3998
4624
3972
594
7140
1166
3595
1613
8245
1303
1804
624
5951
9753
6143
1885
1223
1068
8277
9308
9555
4393
2933
1519
1824
9527
5707
4308
3522
5806
8426
824
5172
3975
1485
7385
764
9244
4563
467
4288
4083
2340
4147
1014
6255
6860
419
7028
280
490
2445
42
5450
4737
2686
6714
784
4954
330
3784
1762
3863
7779
9937
9569
4440
457
9230
8573
8449
1421
4866
7375
6370
4997
2808
4936
580
6899
1586
617
8711
338
5795
486
6620
924
1645
5637
6973
2367
2186
2329
180
6078
1563
8745
3188
2666
4608
4907
5469
4004
5234
2408
7011
1518
9959
1847
8531
4337
4769
6428
7622
3469
3894
59
5697
9916
471
7814
5263
8191
5769
8986
4138
2859
9484
7240
5368
9339
2688
569
9189
8364
381
1782
8437
3422
4917
6377
4548
5795
564
167
8338
7878
4035
3261
6607
2089
82
8362
8257
809
9394
9880
1787
7043
6533
3082
3199
15
928
8007
9960
5388
7440
6040
8537
2028
8139
5737
2289
6581
8531
9257
2937
7672
5819
7863
6735
3435
9671
7348
9551
7372
9789
6697
9309
3461
4500
4212
577
2551
8054
1520
5260
6617
9108
196
3270
4412
4601
5635
1374
4049
6757
5803
7546
7485
7297
3928
4720
2985
6626
367
1599
1527
9955
9416
668
6700
3374
270
1102
3085
8293
6700
3085
8438
1597
33
5316
5856
5577
866
4356
8191
795
4168
2439
1206
7742
5796
1829
7915
1570
4746
775
1472
5377
7760
5028
7139
4576
8660
8732
6470
2714
2969
3656
6858
297
1314
3032
3702
6000
3248
2593
4385
4606
5873
4841
7853
6978
8710
6928
2882
1766
6293
631
423
2185
9957
2724
2557
3602
8467
7128
4029
2247
795
7998
9400
8869
1463
4917
6808
615
9309
4594
4442
3845
9856
2912
1409
2647
5785
3492
3451
5406
2712
2073
8172
2078
2020
6186
6036
9043
837
9021
4496
5654
9472
8825
609
9572
2
5301
338
4542
2429
8420
7155
9729
6159
4486
3744
6829
7845
6412
5091
7094
8238
9813
5023
4794
9470
408
5315
7341
9030
7959
1773
2100
539
3062
9166
139
2789
7006
169
1608
3656
6446
811
6135
7097
7386
8088
5817
9293
3319
5392
4389
2557
3427
9954
9100
5616
7534
1753
7942
3753
627
7569
2212
6189
6727
1469
2564
5023
3912
9349
728
8267
2668
8939
2242
8272
8155
1270
4644
4856
8050
9336
1676
7399
4528
8685
2771
1978
9642
4497
79
9150
703
9876
8489
1674
3141
4253
6857
7678
1485
7187
7526
6139
3258
9296
661
8912
1605
9415
9481
1803
4796
7913
7660
7153
298
7082
538
2601
245
7881
3661
2853
1775
908
9355
1912
8411
4572
2865
4772
8176
8735
7714
7732
81
380
1997
4105
4983
8410
6386
7344
3602
1777
9084
4176
8604
7453
1783
6
5103
4651
1696
3890
2345
9846
7407
9111
740
9256
9168
5738
8469
1468
7040
3023
7537
1577
5386
7540
1688
9271
154
8575
4091
1736
6794
2327
9185
385
4983
7926
1849
3004
13
4280
7413
5112
6618
7393
6256
7917
4077
7956
2714
510
8686
4972
7193
2122
885
293
64
5171
6701
3714
1705
3946
9621
7748
1308
2319
8271
3868
1626
5370
9145
4564
3568
5554
1944
6209
1617
2613
2773
4913
3243
1368
1963
6400
2351
229
7810
5856
5891
4589
9861
3404
2592
7354
2056
1166
7832
693
6637
4924
1915
7095
9316
1891
9646
4332
2404
4179
8970
9650
3705
2246
5358
3116
2843
7154
5713
2800
1856
1045
8803
2351
236
5658
133
840
2237
4489
9674
1367
263
2370
9634
1469
9514
6364
7793
5970
2209
7337
404
694
2017
1764
9625
3442
8443
4224
1281
5528
2518
1251
7696
4694
4707
309
3963
2989
8347
8545
4449
5667
3191
3216
4747
8803
3463
2602
3848
8188
6997
6657
4264
4110
9378
1158
4596
599
5898
9789
4974
1402
6795
6695
1314
3396
9028
8884
6278
967
3793
4137
8727
4561
257
6646
6874
9955
5005
504
2920
1509
6117
6196
453
4133
674
4856
2265
4691
4125
1893
7409
7658
5750
5882
8209
6504
1011
5162
2762
4322
4218
6410
6736
8584
9420
7940
9665
4502
7722
6503
7556
3799
6669
5623
237
399
1430
8246
4704
3879
2589
7892
8814
8839
1540
7516
1388
4152
5078
1325
5691
2436
1739
596
7415
6011
5688
3056
920
944
4149
9533
2691
2937
1754
9700
6442
4838
2363
3999
6175
7747
6433
744
4239
6204
6636
2428
7068
9617
3019
6583
9368
9567
4287
5602
3176
9962
9692
6450
6792
2313
3037
9250
6677
96
4115
3165
5050
8298
1986
6921
7752
5418
4544
26
8725
8842
2119
4504
144
1885
992
4195
9103
9915
2496
2188
3295
8895
5835
3864
105
3219
1223
2280
3904
2838
1603
1118
326
7239
679
8440
1871
4498
7529
8852
9034
7556
5730
7325
817
8129
7549
8450
3607
618
178
7014
3158
939
1888
7297
601
8111
3138
6538
9333
621
4337
5290
3347
4976
6807
5623
8191
882
3391
1473
3677
977
9481
6895
8805
653
3739
2046
5309
9252
461
5569
6377
3072
6180
9753
175
4988
6205
8208
2038
6798
9398
5360
3865
5386
9118
5908
8677
4312
3531
7457
9534
9246
240
6474
5589
9325
4583
243
6731
3742
3381
6450
6112
1520
7617
134
294
298
6939
3651
8828
8516
4694
822
8023
1405
5785
7482
4956
1298
8899
1230
1029
7779
6107
4313
2217
2450
7637
2891
79
7290
3309
1154
8759
5238
5863
334
3853
7861
1500
4177
4629
3223
7725
2686
8715
9657
9482
609
9793
1627
1353
6152
9732
427
4519
4045
965
9624
3403
1104
8725
4150
771
4752
5085
7902
8985
8240
5838
9551
4165
4847
7088
1928
1592
6914
9526
9368
8462
5722
7913
9370
2632
7769
7296
1241
4354
8363
8841
5226
594
396
1710
5575
9419
3628
1134
1278
6856
317
7292
802
20
2024
1842
3927
3385
519
4568
4248
9684
9532
1501
4306
2801
4092
8785
1244
3542
9881
8709
9541
2921
2059
1027
4635
621
1415
4732
2908
7572
8163
9547
263
1584
8842
9059
8621
3
3645
6918
9358
5374
3312
9811
3473
4067
1942
6641
7100
385
405
7259
8960
2929
3075
3010
9775
3530
8190
5567
4634
6658
1601
4207
9839
4023
9110
9767
9693
5607
9449
3781
7264
9296
1795
8536
2586
5788
4119
1779
6952
9835
7180
4898
8091
2844
8509
8142
2057
5539
9122
3222
4139
3717
6175
9939
1409
1443
197
8238
5263
1868
9552
8028
1563
3282
3132
8450
1013
4023
9919
2976
1537
7755
4895
8677
6015
832
1680
428
4808
9196
8250
3935
9486
9759
4707
709
4919
537
7300
5574
4509
7552
2594
7529
8749
1891
8702
7975
2579
2890
1097
4356
3204
4924
3390
891
951
5645
1110
5611
9269
743
1202
4894
3204
4955
2696
125
886
5322
9627
7967
2907
507
4731
5610
5210
8101
9252
6181
1306
7251
3806
5885
8705
7503
271
6909
6403
4207
4608
9331
6904
2101
187
12
1118
7488
9238
2835
1004
1000
1312
6455
8606
928
2876
9407
7114
2996
3379
7154
1977
4268
6684
8486
3198
1059
6252
6346
634
3156
5252
8109
5059
1993
7882
6418
7093
2971
5711
4608
1753
5500
7779
1201
9918
2496
5244
6073
7814
2722
6933
3264
6016
3309
9912
3231
3308
2625
8289
8250
5794
5256
2573
3057
396
4873
1404
2515
7390
4891
9094
3891
1989
4091
1913
9454
5005
1891
7426
4150
3929
2535
6375
6008
2481
5223
8961
6403
2758
5571
1985
565
90
2006
4036
2745
7389
3385
6058
6245
3015
4779
5072
8905
5382
136
7369
1749
4863
8684
8502
3407
3675
2341
6506
9541
7442
6719
2186
3074
5957
4014
3455
3563
2394
868
6140
2639
9768
7338
7999
4745
4028
7817
2341
5214
9406
9730
8658
1091
697
5095
7329
1005
9109
734
380
4320
2858
6297
4233
8629
5543
1168
4100
3446
5384
9822
3531
4381
4174
631
5160
6030
4505
6855
9049
6176
8278
7252
2323
9103
430
6872
7513
3707
3645
9307
1734
5179
8958
3830
6122
6920
8043
6223
6568
3903
886
9443
5091
3953
2819
7403
743
1954
5995
1249
9303
2692
3895
1522
2488
2985
7433
3294
384
6222
8011
2735
9310
9875
1917
2007
3188
891
3318
8072
9641
909
6015
4916
4781
8223
3997
5513
7012
6954
7594
1596
290
3299
9862
6755
426
973
6525
8784
9594
1299
9794
1257
5193
5555
3810
9395
8049
3846
7025
3406
8315
4768
3235
1742
9377
2801
7714
6399
6786
8898
9850
5152
221
5060
6204
7098
1778
1493
7953
817
5129
127
2274
694
7422
5983
4918
4149
779
9896
8457
9921
7848
7093
5821
1017
8878
8617
1780
3655
4889
4859
5703
4271
2235
6659
9578
7661
9150
961
5292
4011
8282
165
2484
1944
5705
3104
3638
4269
6353
6014
9224
7007
6831
2988
637
8950
4269
6362
2752
1040
2318
8022
3881
7380
1092
7812
5406
579
3185
1607
2323
1442
8660
307
3823
8673
8091
1967
6635
923
9904
2310
2658
4024
1129
6679
8014
7053
1183
3969
6089
8954
513
5452
3333
4326
6861
5974
1668
5969
9574
3783
8007
4092
5782
602
272
1579
2515
5404
3653
9188
8585
4310
8248
7921
5545
8451
5575
5075
5125
3742
9050
2404
3625
6893
266
4072
4631
9287
8945
7083
2968
6774
7053
296
8605
2351
4017
516
5933
9978
7881
6284
3678
4397
409
7079
7498
3991
5608
5637
3763
6858
7967
831
4093
3048
1006
4983
1188
1384
8989
2528
1738
4635
4404
5893
7171
7479
3073
170
6098
389
7363
2272
2269
6961
6681
8581
1145
3143
8711
7170
6098
3448
6312
1878
9176
7928
9420
8732
9596
409
7482
1255
34
224
3190
6070
4764
8883
7644
2820
608
8671
5361
2585
6571
1078
256
4844
6445
3575
8304
1740
5618
9678
7798
8156
4632
6035
8601
5127
9259
1812
2086
4987
7692
7033
1339
9709
3160
391
7991
1
8479
3921
6646
960
3556
3803
3986
7918
396
5083
2990
1066
5464
1466
3343
4797
9762
2859
3805
6423
639
9470
9430
7475
208
6111
7406
2305
5192
5354
1630
1091
3029
4102
6371
4670
6392
5777
9806
9736
5897
1734
5172
2701
8194
9725
8051
8064
8984
7947
5858
8075
1055
6578
8247
1535
8096
6144
3745
4870
3874
9943
2701
1234
7384
9126
1450
1991
5948
9192
6147
9026
2996
1385
3144
8146
958
9503
4614
9540
9079
2369
7236
7460
6636
7213
1906
695
921
4667
8228
8676
5616
8234
3423
7618
2642
504
5995
8378
5543
8387
6578
1114
6438
1963
5694
3152
4167
1279
20
9348
2877
2156
5049
3419
7340
8007
5731
6990
8921
5626
9140
5591
1215
1945
1334
6976
9478
8649
8767
507
7702
5303
8515
6062
6308
2560
2370
7177
5205
3563
131
4773
4184
9338
675
8819
5394
4120
3192
1755
3266
3595
8894
8292
2066
5387
2124
7216
115
128
9479
776
9493
9372
4863
5656
2688
8867
563
8581
9514
4263
9488
1934
5444
8290
1149
717
8790
137
8351
3984
5288
558
1907
809
7011
3362
9268
7615
2159
8250
7465
1242
6689
2612
1919
6584
5230
611
9649
782
7441
7638
4795
385
893
2430
1517
7753
327
1797
987
5583
8943
5952
8898
7118
7827
7304
5744
6758
3060
9602
6916
7664
2821
7199
9643
5362
1085
9278
8855
8377
8921
7265
8738
446
2638
7074
7844
960
8804
6300
140
3185
3067
6656
3400
6670
9718
2319
8022
900
2676
1079
2138
1425
4105
7216
1437
6883
321
4672
3515
3093
5465
3388
4688
1720
9089
1921
6314
8470
2639
6141
5820
2756
9863
7715
5403
8607
81
3708
7793
9548
3329
8863
2770
1058
4191
7485
7304
7729
5221
3587
5453
2864
9514
6765
6360
1990
8838
6214
4654
3179
8257
7219
6592
6475
1275
8603
7722
2673
743
5628
3459
6465
6197
5254
7024
1470
8435
4963
7822
8629
3753
119
2251
852
3957
5942
707
4436
506
6367
9981
7546
9801
8236
7305
2590
1500
6488
272
1379
8978
4657
7294
3225
1274
2152
4498
3114
6279
6792
9707
9319
8397
7071
596
8177
9722
2241
1328
1566
7856
2836
8544
6445
9511
23
832
3577
3134
9542
5590
324
8486
3141
709
5409
9341
285
3182
2872
6038
6099
3983
1994
3988
9835
1907
6133
4131
3051
4351
7574
1111
171
7020
2970
9539
4983
8644
8882
3937
5451
7950
4152
8905
7076
7147
5399
5468
7977
9478
2391
1547
3148
5254
1768
7411
8044
1276
5613
756
7149
8226
2306
130
7000
9610
1893
6757
4709
9073
5754
9959
2786
4754
4076
5236
7799
2762
604
258
7759
4515
2929
9701
2909
5671
7594
1108
2682
430
8269
5820
9721
3233
6254
9669
2134
5580
6600
3336
5355
2579
1119
8664
7959
5143
2830
924
7016
4030
5845
9722
9448
6171
1131
1464
2075
6201
2530
4617
3428
5447
5014
3332
3233
4988
578
6031
4589
6177
8769
4517
4327
1512
8691
1471
5079
1475
5651
7067
982
9601
1137
5228
6746
8634
5217
3466
5343
4978
69
8263
5594
9430
2163
8965
5216
5327
6500
5947
384
4663
5392
2361
1312
6719
8600
5596
6142
4784
1118
9800
7254
822
1381
6040
3079
1592
7081
8749
3043
759
3568
2233
6268
4927
524
6126
6242
6858
8013
6067
2509
2242
7838
4578
2712
2231
6409
3153
5420
6484
4538
8236
5429
3028
2174
4241
8674
4934
2131
3789
6109
1442
1014
9942
1495
5013
7582
6252
2481
8677
5233
2963
4660
3381
5569
6790
319
8742
3506
4496
350
8268
2559
2390
3307
1343
2006
5617
8960
9037
1731
6487
8038
8700
8244
6321
3662
6503
6175
6579
2593
453
8445
2571
5043
5874
5105
3421
3906
2497
1564
9385
1055
514
498
9639
874
1595
9578
3529
3795
3319
8151
8463
3107
6183
3209
9400
1479
8102
5388
7923
1043
4668
9034
1322
1726
7879
7797
5371
5133
5900
2090
4446
6195
1534
5649
9389
3760
8142
3336
5683
7951
7755
3075
2584
1807
2985
8544
6420
1815
7291
9882
3541
7509
3343
3719
3404
569
2962
2870
1632
2084
860
6999
2552
4900
641
3560
1989
9726
484
4598
5470
1901
4823
9134
7283
4504
5020
60
1359
3560
208
9426
8468
8682
294
6080
1070
7755
8945
8990
2132
671
6610
4203
9092
9370
8836
315
2394
4221
7874
4211
4622
2726
5209
8923
542
9231
4062
9352
9114
4259
8188
1590
3053
9327
4205
5935
712
8795
7366
3281
696
8567
6411
9548
1646
6600
3378
4152
9693
3936
4525
3508
6782
1421
7227
4274
9292
2095
3755
5814
4406
3092
6472
5706
9592
8677
8751
6682
6645
7156
5215
3144
2906
6395
6056
3146
3707
3017
7302
3086
8528
1520
3575
2297
2765
7441
8879
2380
2747
6100
8940
2440
9024
8661
8692
4058
5717
3958
9575
2891
4366
429
4215
4740
5489
5413
2113
8749
8626
8052
7759
1089
8783
5361
577
7212
1306
5373
9968
887
680
7267
8326
3003
8681
4452
9194
6175
7703
3273
4102
6273
9271
1088
6422
6700
5823
4058
8465
8689
8090
5982
7753
4636
4703
7335
5657
9063
1020
4611
8740
8672
1552
6267
3847
6004
2293
8125
9124
7061
4442
8769
7082
1602
259
9225
8173
5798
2052
5034
734
6444
859
5066
3935
2465
4714
3412
5818
2733
5071
5963
6833
4522
5716
3836
5056
9384
7044
7088
7299
4876
8167
3461
4161
3030
2401
4960
4812
468
4431
3923
2810
6137
2406
3771
4065
2471
2199
9458
3617
7888
5004
4256
4477
1597
2119
6282
4254
8391
7862
1467
9780
6224
5051
7614
9850
5758
9692
6277
5227
3617
3406
5608
6844
4843
5443
3848
7332
6067
7301
8061
6265
3214
7227
5293
8134
6266
8324
6656
5682
4751
9318
4510
3822
1813
5563
9580
7623
8729
1339
1062
1641
6196
990
9981
6881
176
7933
6000
5788
7429
3864
1768
1324
3795
411
3456
7246
1491
2804
6539
716
9170
5721
6868
9317
6967
2388
5112
5835
6986
2624
3634
8051
2022
9722
9706
5564
1977
6090
6592
2601
1336
2836
3542
4149
3799
3086
2211
1893
8422
6995
8988
1527
9406
9963
9198
680
9870
4479
1877
5192
6013
5213
8857
1919
7535
368
240
3475
9994
9131
9214
7526
1328
1076
4125
4417
1376
3143
8981
4763
9251
685
6270
7961
9809
9852
4145
4042
1088
4021
9291
9476
1288
5355
4928
2012
1770
6921
1979
8626
3040
8806
9446
7222
3622
7267
9741
3377
1871
9970
3627
8477
2571
7237
8164
2572
9159
4618
3467
1906
2502
5250
1872
2841
6991
7882
802
1970
3090
1203
3774
2377
8717
640
8951
5782
5636
7564
1032
493
5631
5226
4106
7614
1165
3785
1893
6364
9130
9150
7985
2975
2792
355
8998
5825
5934
7912
2505
4861
7677
4042
76
6361
3124
1233
4413
7428
8492
9327
1939
3337
6973
1472
6688
8339
3247
4151
8727
4859
2561
1823
961
2910
1241
2063
7557
4861
5075
8504
8077
8179
5884
7250
3918
1243
9294
4107
1890
3207
8576
280
1271
3067
6607
2541
7188
1715
20
5564
7932
5981
6307
3560
7883
6824
4554
1925
1843
1955
6438
7940
3376
3762
6685
7530
5554
1897
7589
1271
7966
4250
4521
5514
6846
256
4824
548
4975
466
4405
4536
7495
8129
1641
1042
2763
8809
7251
9645
1942
4423
7913
8665
1890
4556
305
4863
2917
8395
9684
7864
3958
4408
5570
432
8232
7808
8395
1107
714
5736
555
6873
8885
7656
9530
936
5404
4511
7337
27
2157
9675
50
1522
6451
28
7093
9962
9611
7828
5227
8482
4309
6816
3256
4862
4939
4874
6766
1102
2239
4845
704
8360
2415
90
9791
4354
5439
3918
8546
2057
8133
608
9509
4757
6516
3732
2660
8043
7312
7856
7016
2402
2789
8573
2260
2167
1630
3999
2433
9162
7060
8050
205
4025
6917
7977
9944
2722
3155
1044
7702
1353
7268
2017
5604
3061
1204
2928
2580
7950
1176
6074
5282
1358
3015
4736
1960
7400
5508
8734
1576
2871
3197
4394
3228
3042
9676
4271
2652
1206
6630
3978
6907
4718
4197
7043
3263
1200
6942
2003
6557
3656
3577
170
8977
4702
6872
7664
7081
7670
9385
6851
7688
672
8382
7864
6497
3372
8357
5334
577
8160
6939
588
2397
2235
4069
2536
6953
8248
9088
6517
6806
6115
8075
8668
7869
5210
5669
2755
2191
5441
9402
6429
9642
4827
4341
3325
5476
4397
5065
5949
6834
4291
3372
2130
6506
8101
7085
9396
5444
4726
9372
4098
6322
8716
1786
7156
8806
5736
5757
8382
3760
962
1726
7839
5252
4829
9376
8716
1741
1439
729
8802
5678
7389
9897
9818
7512
5278
7978
8443
9244
4320
5576
4992
2292
3723
2195
5713
6785
2624
6648
951
8808
5693
3260
467
775
5971
6077
9628
1752
142
7886
2134
2897
4363
9509
2249
9077
8900
