1
2
3
3
3
4
6
12
13
15
16
20
20
20
23
25
26
27
28
28
33
34
42
44
46
48
50
56
59
59
60
62
62
64
67
69
72
76
79
79
81
81
82
86
87
90
90
92
94
96
105
106
107
113
115
116
118
119
125
125
126
127
128
130
131
132
133
134
135
135
136
137
138
138
139
140
142
144
147
154
154
156
156
157
162
165
167
169
170
170
171
175
176
178
180
180
180
183
187
189
196
196
197
205
207
208
208
221
224
224
229
231
235
236
237
240
240
243
245
253
256
256
257
258
259
263
263
264
265
266
267
270
271
272
272
280
280
285
290
290
291
292
293
293
294
294
296
296
297
298
298
302
305
307
309
310
312
315
317
319
321
321
324
324
326
327
330
332
334
334
335
338
338
339
340
341
341
341
343
348
350
354
355
355
366
366
367
367
368
372
374
377
380
380
380
381
382
384
384
385
385
385
388
389
391
396
396
396
398
399
403
404
405
408
409
409
411
415
417
419
423
426
427
427
428
428
429
430
430
430
431
431
432
439
441
444
446
453
453
454
457
461
466
467
467
468
468
471
472
474
474
482
483
484
486
490
490
492
493
493
496
498
500
501
504
504
506
507
507
510
510
513
514
515
516
519
520
524
525
534
537
537
538
539
539
542
542
546
548
552
555
558
558
560
563
564
565
566
569
569
569
571
571
577
577
577
578
579
580
582
586
588
589
590
593
594
594
596
596
599
601
602
602
604
608
608
609
609
611
614
615
616
617
618
620
620
621
621
624
624
625
627
627
629
631
631
632
634
637
639
640
641
644
653
658
660
661
668
670
670
671
672
674
674
675
675
679
680
680
685
693
694
694
695
696
696
697
699
703
704
707
709
709
712
714
715
715
716
717
721
724
724
728
729
732
733
734
734
738
740
743
743
743
743
744
744
754
755
756
759
760
764
771
775
775
776
779
780
781
782
784
788
788
795
795
796
797
800
802
802
802
804
806
809
809
810
811
813
817
817
818
822
822
824
824
824
827
827
829
831
832
832
837
837
840
852
857
859
860
865
866
868
869
870
874
880
882
885
886
886
886
887
891
891
893
894
896
900
902
905
908
909
920
921
923
924
924
928
928
929
932
934
936
939
943
944
944
951
951
958
960
960
961
961
962
965
967
971
973
974
977
982
983
987
990
992
1000
1004
1004
1005
1006
1007
1011
1013
1014
1014
1015
1017
1020
1021
1027
1028
1029
1032
1040
1042
1043
1044
1045
1055
1055
1058
1059
1060
1062
1063
1066
1066
1067
1068
1070
1070
1075
1076
1078
1079
1079
1079
1081
1085
1088
1088
1089
1090
1091
1091
1092
1092
1093
1097
1099
1100
1102
1102
1104
1105
1107
1108
1110
1111
1112
1113
1113
1114
1118
1118
1118
1119
1126
1128
1129
1131
1131
1131
1133
1134
1134
1137
1142
1145
1149
1153
1154
1158
1158
1162
1165
1166
1166
1168
1173
1176
1180
1183
1185
1188
1200
1201
1202
1203
1204
1206
1206
1215
1223
1223
1223
1225
1230
1230
1233
1234
1240
1241
1241
1242
1243
1244
1245
1248
1249
1249
1251
1251
1254
1254
1255
1255
1256
1257
1265
1270
1271
1271
1274
1274
1274
1275
1276
1278
1278
1279
1281
1288
1289
1290
1294
1296
1297
1298
1299
1299
1303
1306
1306
1308
1312
1312
1314
1314
1315
1316
1316
1321
1322
1324
1325
1328
1328
1330
1331
1333
1334
1336
1336
1339
1339
1343
1344
1352
1353
1353
1354
1358
1359
1359
1361
1364
1364
1367
1368
1374
1375
1376
1379
1379
1381
1382
1383
1384
1385
1386
1388
1401
1402
1404
1405
1407
1409
1409
1412
1415
1415
1415
1421
1421
1425
1425
1430
1430
1431
1437
1439
1442
1442
1443
1450
1451
1452
1458
1458
1460
1463
1464
1466
1467
1468
1468
1468
1469
1469
1469
1470
1471
1472
1472
1473
1473
1475
1476
1477
1477
1479
1485
1485
1487
1490
1490
1491
1493
1495
1500
1500
1501
1506
1507
1509
1512
1517
1518
1518
1519
1520
1520
1520
1522
1522
1527
1527
1529
1534
1535
1535
1537
1537
1540
1547
1552
1563
1563
1564
1566
1568
1570
1570
1576
1577
1579
1581
1581
1584
1586
1586
1590
1592
1592
1593
1595
1596
1597
1597
1599
1599
1601
1602
1603
1604
1605
1607
1608
1613
1617
1626
1626
1627
1629
1630
1630
1630
1632
1639
1641
1641
1644
1645
1646
1650
1658
1658
1663
1668
1669
1671
1674
1676
1680
1684
1688
1689
1696
1705
1706
1710
1714
1715
1719
1720
1723
1726
1726
1731
1734
1734
1736
1738
1739
1740
1741
1742
1743
1748
1749
1751
1752
1753
1753
1754
1755
1756
1762
1763
1764
1766
1768
1768
1770
1773
1773
1773
1775
1777
1778
1778
1779
1780
1780
1780
1782
1783
1786
1787
1787
1795
1797
1803
1804
1807
1812
1813
1815
1817
1823
1824
1824
1829
1831
1832
1832
1833
1836
1841
1842
1843
1847
1849
1854
1856
1865
1867
1868
1869
1870
1871
1871
1872
1874
1877
1878
1882
1884
1885
1885
1888
1890
1890
1891
1891
1891
1893
1893
1893
1893
1893
1897
1901
1906
1906
1907
1907
1912
1913
1913
1915
1917
1919
1919
1921
1925
1925
1928
1931
1933
1934
1937
1939
1940
1941
1942
1942
1944
1944
1945
1946
1954
1955
1959
1960
1963
1963
1967
1970
1974
1977
1977
1978
1978
1979
1985
1986
1986
1986
1989
1989
1990
1990
1991
1993
1994
1995
1997
2000
2003
2005
2006
2006
2007
2009
2012
2015
2016
2017
2017
2020
2022
2023
2024
2025
2028
2032
2037
2038
2045
2046
2052
2055
2056
2057
2057
2059
2063
2066
2069
2069
2073
2075
2076
2078
2079
2084
2086
2089
2090
2091
2095
2095
2095
2097
2100
2101
2113
2119
2119
2122
2122
2124
2127
2130
2131
2132
2134
2134
2136
2138
2139
2140
2147
2152
2153
2156
2156
2157
2159
2160
2162
2163
2167
2169
2170
2172
2174
2176
2178
2179
2185
2186
2186
2187
2188
2191
2192
2192
2193
2195
2199
2202
2206
2209
2211
2212
2213
2215
2217
2222
2225
2228
2231
2233
2235
2235
2235
2237
2237
2238
2239
2241
2242
2242
2246
2246
2247
2249
2251
2258
2259
2259
2260
2261
2263
2265
2267
2267
2269
2272
2274
2274
2278
2280
2283
2286
2288
2289
2292
2293
2293
2295
2297
2301
2304
2305
2306
2308
2309
2310
2313
2317
2318
2319
2319
2323
2323
2325
2327
2329
2331
2338
2339
2340
2341
2341
2345
2351
2351
2351
2361
2362
2363
2367
2369
2370
2370
2376
2377
2380
2388
2388
2390
2390
2391
2394
2394
2397
2401
2401
2402
2404
2404
2406
2408
2415
2425
2428
2429
2430
2430
2433
2434
2436
2437
2439
2440
2442
2442
2443
2445
2450
2455
2456
2458
2459
2464
2465
2466
2470
2471
2476
2481
2481
2482
2484
2488
2488
2492
2493
2495
2496
2496
2497
2499
2502
2505
2505
2508
2509
2511
2515
2515
2518
2519
2523
2523
2523
2528
2529
2530
2535
2536
2541
2545
2551
2552
2552
2555
2557
2557
2559
2559
2560
2561
2563
2564
2569
2569
2571
2571
2572
2572
2573
2573
2575
2579
2579
2580
2584
2585
2586
2589
2590
2591
2592
2593
2593
2594
2595
2601
2601
2602
2611
2612
2613
2619
2622
2624
2624
2625
2632
2638
2638
2639
2639
2642
2642
2643
2647
2647
2652
2652
2656
2658
2660
2660
2662
2665
2666
2668
2670
2673
2676
2678
2680
2682
2686
2686
2686
2687
2688
2688
2691
2692
2693
2696
2700
2700
2700
2701
2701
2706
2712
2712
2714
2714
2714
2721
2722
2722
2723
2724
2724
2726
2730
2733
2734
2735
2739
2745
2747
2747
2749
2749
2750
2752
2755
2755
2756
2758
2761
2762
2762
2762
2763
2763
2765
2767
2770
2771
2773
2773
2773
2776
2782
2786
2787
2789
2789
2790
2792
2792
2800
2801
2801
2801
2804
2804
2804
2807
2808
2810
2819
2820
2821
2821
2823
2825
2829
2830
2831
2835
2836
2836
2838
2841
2842
2843
2844
2848
2853
2858
2859
2859
2859
2860
2861
2864
2865
2867
2870
2870
2871
2872
2874
2875
2876
2876
2877
2882
2884
2888
2890
2891
2891
2897
2906
2906
2907
2907
2908
2908
2909
2910
2912
2917
2919
2920
2921
2921
2923
2927
2927
2928
2928
2929
2929
2930
2933
2934
2935
2937
2937
2943
2944
2954
2962
2963
2966
2966
2968
2969
2970
2971
2971
2975
2975
2976
2985
2985
2985
2988
2989
2990
2996
2996
2997
3002
3002
3003
3004
3005
3005
3008
3010
3013
3015
3015
3017
3019
3023
3023
3024
3025
3027
3028
3029
3029
3030
3030
3030
3032
3036
3037
3040
3042
3043
3045
3048
3051
3053
3053
3056
3056
3057
3060
3061
3062
3065
3065
3065
3067
3067
3068
3072
3073
3074
3075
3075
3079
3081
3082
3085
3085
3086
3086
3089
3090
3092
3093
3095
3104
3107
3111
3114
3116
3121
3124
3125
3131
3132
3134
3138
3139
3141
3141
3143
3143
3144
3144
3146
3146
3148
3152
3153
3155
3156
3158
3159
3160
3160
3165
3168
3176
3179
3180
3182
3185
3185
3188
3188
3190
3191
3192
3197
3198
3198
3199
3204
3204
3207
3209
3214
3216
3217
3217
3219
3222
3223
3225
3228
3230
3231
3233
3233
3235
3236
3240
3243
3244
3245
3247
3248
3256
3256
3257
3258
3260
3261
3263
3264
3265
3266
3270
3273
3281
3282
3291
3293
3294
3295
3296
3297
3298
3299
3307
3308
3309
3309
3312
3314
3318
3319
3319
3319
3320
3325
3328
3329
3332
3332
3333
3336
3336
3337
3338
3341
3343
3343
3344
3347
3348
3362
3365
3366
3369
3370
3370
3372
3372
3374
3376
3377
3378
3378
3379
3381
3381
3382
3385
3385
3387
3388
3389
3390
3390
3391
3394
3396
3397
3400
3402
3402
3403
3404
3404
3406
3406
3407
3410
3412
3412
3414
3419
3419
3421
3422
3423
3423
3427
3428
3430
3430
3432
3435
3435
3442
3443
3446
3448
3448
3450
3451
3455
3456
3459
3461
3461
3463
3465
3465
3466
3467
3469
3473
3475
3475
3476
3478
3479
3485
3487
3487
3491
3491
3492
3495
3501
3506
3506
3507
3508
3510
3510
3514
3515
3517
3522
3529
3530
3531
3531
3532
3538
3539
3541
3542
3542
3543
3545
3550
3552
3556
3560
3560
3560
3560
3563
3563
3566
3567
3568
3568
3570
3575
3575
3576
3576
3577
3577
3587
3587
3589
3593
3594
3595
3595
3602
3602
3607
3617
3617
3621
3622
3625
3627
3628
3630
3631
3631
3634
3637
3637
3638
3644
3645
3645
3651
3653
3655
3656
3656
3656
3660
3661
3662
3672
3675
3677
3678
3678
3687
3694
3694
3702
3704
3705
3707
3707
3708
3714
3717
3719
3723
3723
3731
3732
3733
3739
3742
3742
3744
3745
3748
3748
3753
3753
3755
3760
3760
3760
3762
3763
3766
3770
3771
3774
3777
3780
3781
3783
3784
3785
3785
3788
3789
3792
3793
3795
3795
3797
3799
3799
3803
3805
3806
3810
3811
3822
3823
3824
3825
3830
3836
3837
3840
3845
3846
3846
3847
3847
3848
3848
3853
3855
3861
3863
3864
3864
3864
3865
3868
3869
3870
3874
3879
3881
3890
3891
3894
3895
3897
3903
3904
3906
3912
3915
3918
3918
3921
3921
3922
3923
3923
3927
3928
3929
3931
3935
3935
3936
3937
3938
3946
3953
3956
3956
3957
3958
3958
3963
3969
3972
3975
3975
3978
3981
3981
3982
3983
3984
3985
3986
3988
3991
3991
3997
3998
3998
3999
3999
4004
4011
4014
4014
4017
4021
4023
4023
4024
4025
4028
4029
4030
4032
4032
4033
4035
4036
4036
4038
4041
4042
4042
4045
4049
4058
4058
4062
4065
4067
4067
4069
4072
4076
4077
4083
4084
4091
4091
4091
4091
4092
4092
4092
4093
4098
4098
4099
4100
4102
4102
4104
4105
4105
4106
4107
4110
4111
4111
4114
4115
4116
4119
4120
4125
4125
4126
4126
4129
4131
4131
4133
4137
4138
4139
4142
4145
4146
4147
4149
4149
4149
4149
4150
4150
4151
4152
4152
4152
4158
4158
4161
4162
4162
4163
4165
4167
4168
4172
4174
4176
4177
4179
4180
4182
4184
4184
4185
4186
4187
4191
4192
4195
4195
4196
4197
4203
4205
4207
4207
4207
4211
4212
4215
4218
4221
4224
4226
4230
4233
4233
4235
4236
4239
4241
4241
4241
4246
4248
4250
4253
4254
4256
4257
4257
4259
4263
4264
4265
4268
4269
4269
4271
4271
4271
4274
4274
4274
4275
4280
4287
4287
4288
4291
4293
4297
4299
4306
4308
4309
4310
4312
4313
4314
4317
4320
4320
4322
4322
4326
4326
4327
4332
4337
4337
4341
4342
4344
4344
4350
4351
4353
4354
4354
4356
4356
4359
4360
4363
4366
4366
4381
4381
4385
4386
4389
4393
4394
4394
4397
4397
4398
4400
4404
4405
4406
4408
4412
4413
4413
4415
4417
4423
4424
4428
4429
4431
4431
4436
4440
4440
4442
4442
4444
4445
4446
4447
4449
4452
4452
4457
4466
4477
4479
4486
4488
4489
4491
4496
4496
4497
4498
4498
4500
4502
4504
4504
4505
4509
4510
4511
4512
4515
4516
4517
4519
4521
4522
4522
4524
4525
4528
4529
4530
4531
4534
4536
4538
4542
4544
4548
4554
4555
4556
4558
4559
4559
4560
4561
4563
4564
4568
4570
4571
4572
4576
4576
4578
4579
4580
4581
4583
4584
4589
4589
4591
4591
4594
4595
4596
4597
4597
4598
4601
4606
4608
4608
4608
4611
4613
4614
4615
4616
4617
4618
4620
4621
4621
4622
4624
4627
4628
4629
4631
4632
4632
4634
4635
4635
4636
4637
4638
4639
4641
4642
4643
4644
4651
4651
4654
4657
4658
4660
4663
4664
4667
4668
4670
4672
4686
4688
4691
4691
4694
4694
4694
4698
4698
4701
4702
4702
4703
4704
4707
4707
4709
4714
4718
4720
4726
4731
4732
4736
4737
4739
4739
4740
4741
4743
4744
4745
4745
4746
4747
4751
4751
4752
4753
4754
4754
4755
4757
4760
4761
4763
4763
4764
4768
4769
4771
4772
4773
4775
4776
4779
4781
4783
4784
4784
4794
4795
4796
4797
4797
4799
4799
4806
4808
4812
4818
4823
4824
4825
4827
4829
4838
4838
4841
4843
4843
4844
4845
4845
4845
4846
4847
4849
4851
4856
4856
4859
4859
4859
4859
4861
4861
4861
4862
4863
4863
4863
4865
4866
4867
4870
4873
4874
4876
4877
4887
4889
4889
4889
4891
4892
4894
4895
4898
4898
4900
4902
4907
4911
4913
4916
4917
4917
4918
4919
4921
4924
4924
4927
4927
4928
4934
4935
4936
4939
4940
4940
4941
4944
4950
4950
4950
4953
4954
4955
4956
4956
4960
4963
4972
4974
4975
4976
4978
4980
4981
4983
4983
4983
4983
4986
4987
4987
4988
4988
4992
4997
5004
5005
5005
5007
5010
5013
5013
5014
5016
5020
5020
5022
5023
5023
5028
5030
5034
5034
5036
5043
5046
5047
5049
5050
5051
5056
5056
5057
5059
5060
5065
5066
5071
5072
5075
5075
5078
5079
5080
5081
5083
5085
5091
5091
5095
5096
5103
5103
5105
5108
5112
5112
5115
5124
5125
5127
5129
5133
5135
5137
5137
5138
5143
5146
5152
5160
5162
5162
5163
5165
5169
5171
5172
5172
5173
5177
5179
5192
5192
5193
5197
5199
5205
5209
5210
5210
5213
5214
5215
5216
5217
5220
5221
5223
5226
5226
5227
5227
5228
5230
5233
5234
5236
5237
5238
5243
5244
5250
5250
5252
5252
5254
5254
5256
5260
5260
5262
5263
5263
5264
5266
5274
5278
5280
5280
5282
5288
5289
5290
5292
5293
5301
5303
5303
5306
5309
5309
5314
5315
5315
5316
5317
5322
5327
5329
5332
5333
5334
5343
5343
5346
5354
5355
5355
5358
5360
5361
5361
5362
5362
5365
5368
5370
5371
5373
5373
5374
5377
5380
5382
5384
5386
5386
5387
5388
5388
5392
5392
5394
5394
5398
5399
5403
5404
5404
5406
5406
5409
5410
5412
5413
5413
5415
5417
5418
5420
5421
5429
5432
5432
5439
5441
5443
5444
5444
5447
5447
5450
5451
5451
5452
5453
5456
5457
5461
5461
5464
5465
5468
5469
5470
5474
5475
5476
5476
5482
5485
5487
5489
5500
5507
5508
5510
5513
5514
5518
5520
5525
5528
5539
5542
5543
5543
5545
5554
5554
5554
5555
5556
5563
5564
5564
5567
5569
5569
5570
5571
5572
5573
5574
5575
5575
5575
5576
5577
5579
5579
5580
5583
5586
5589
5590
5590
5591
5594
5594
5596
5597
5602
5604
5604
5604
5607
5608
5608
5608
5610
5611
5613
5613
5616
5616
5617
5618
5619
5622
5623
5623
5626
5628
5629
5631
5632
5635
5636
5637
5637
5644
5644
5645
5649
5651
5651
5654
5656
5657
5658
5660
5665
5667
5669
5670
5671
5673
5673
5675
5678
5682
5683
5688
5691
5693
5694
5694
5697
5703
5704
5704
5705
5705
5706
5706
5707
5707
5707
5711
5713
5713
5716
5717
5719
5720
5721
5722
5722
5725
5728
5730
5731
5731
5732
5736
5736
5737
5738
5744
5748
5750
5754
5757
5758
5763
5769
5770
5771
5774
5776
5777
5777
5782
5782
5785
5785
5788
5788
5789
5794
5795
5795
5796
5798
5799
5803
5806
5807
5812
5813
5814
5817
5818
5819
5820
5820
5821
5821
5823
5824
5825
5830
5830
5835
5835
5838
5845
5845
5846
5847
5848
5854
5856
5856
5858
5862
5863
5873
5874
5876
5882
5883
5884
5885
5891
5893
5894
5897
5897
5898
5900
5908
5910
5914
5924
5931
5931
5933
5933
5934
5935
5942
5945
5945
5947
5948
5949
5951
5952
5953
5957
5963
5965
5969
5970
5971
5974
5974
5977
5980
5981
5982
5983
5992
5992
5995
5995
5996
6000
6000
6001
6004
6008
6010
6011
6013
6013
6014
6014
6015
6015
6016
6029
6030
6031
6035
6036
6038
6040
6040
6042
6044
6049
6056
6058
6058
6062
6067
6067
6068
6070
6071
6073
6074
6077
6078
6080
6085
6088
6089
6090
6091
6097
6098
6098
6099
6099
6100
6104
6107
6109
6111
6112
6115
6115
6117
6122
6124
6126
6133
6135
6137
6139
6140
6140
6141
6142
6143
6144
6147
6152
6159
6165
6169
6171
6174
6175
6175
6175
6175
6176
6177
6180
6181
6183
6186
6189
6195
6196
6196
6196
6197
6201
6204
6204
6205
6206
6207
6209
6214
6217
6219
6222
6223
6223
6224
6224
6224
6226
6227
6238
6240
6241
6242
6245
6246
6248
6252
6252
6253
6254
6255
6256
6265
6266
6267
6268
6269
6270
6273
6277
6278
6279
6282
6284
6293
6295
6297
6300
6307
6308
6309
6312
6314
6320
6321
6322
6332
6336
6337
6345
6346
6346
6351
6353
6353
6360
6361
6362
6364
6364
6365
6367
6369
6370
6371
6375
6377
6377
6378
6379
6381
6386
6388
6392
6395
6398
6399
6399
6400
6403
6403
6408
6409
6410
6411
6412
6416
6417
6418
6418
6420
6422
6423
6425
6428
6428
6429
6429
6433
6433
6437
6438
6438
6438
6438
6439
6442
6442
6443
6444
6445
6445
6446
6450
6450
6451
6455
6459
6465
6470
6472
6474
6475
6482
6484
6487
6488
6492
6494
6494
6497
6500
6503
6503
6504
6505
6505
6506
6506
6512
6516
6516
6517
6518
6523
6523
6525
6533
6538
6538
6539
6542
6544
6546
6547
6557
6558
6565
6567
6568
6569
6571
6578
6578
6579
6579
6581
6582
6583
6584
6588
6589
6592
6592
6600
6600
6607
6607
6609
6610
6617
6618
6620
6626
6627
6629
6630
6630
6632
6635
6636
6636
6636
6637
6638
6641
6641
6645
6646
6646
6648
6649
6655
6656
6656
6657
6658
6659
6662
6667
6669
6670
6670
6677
6679
6679
6681
6682
6684
6685
6688
6688
6689
6695
6695
6697
6697
6697
6700
6700
6700
6701
6703
6707
6709
6714
6714
6716
6719
6719
6727
6727
6730
6731
6731
6732
6735
6736
6743
6746
6749
6755
6757
6757
6758
6763
6765
6766
6768
6770
6771
6774
6774
6775
6782
6782
6785
6786
6790
6791
6792
6792
6794
6794
6795
6795
6796
6796
6798
6800
6802
6806
6806
6807
6808
6808
6808
6810
6810
6812
6814
6816
6824
6829
6831
6831
6833
6834
6834
6834
6839
6839
6841
6844
6845
6846
6847
6851
6851
6855
6855
6856
6856
6857
6858
6858
6858
6860
6860
6861
6864
6867
6868
6869
6872
6872
6873
6874
6881
6883
6888
6893
6895
6899
6899
6902
6904
6905
6907
6907
6909
6913
6914
6916
6917
6918
6918
6919
6920
6921
6921
6926
6928
6929
6929
6933
6939
6939
6942
6948
6951
6952
6953
6954
6961
6967
6973
6973
6974
6976
6978
6985
6986
6990
6991
6991
6995
6997
6999
7000
7006
7006
7007
7011
7011
7012
7014
7016
7016
7016
7020
7024
7025
7026
7028
7028
7033
7040
7042
7043
7043
7044
7050
7050
7053
7053
7057
7060
7061
7061
7065
7067
7068
7068
7071
7072
7074
7076
7079
7081
7081
7082
7082
7083
7083
7085
7088
7088
7089
7093
7093
7093
7094
7094
7094
7095
7095
7097
7098
7100
7101
7114
7118
7128
7128
7129
7138
7139
7140
7147
7149
7151
7153
7154
7154
7155
7156
7156
7164
7165
7169
7170
7171
7171
7172
7175
7177
7180
7185
7187
7188
7193
7195
7196
7199
7202
7203
7203
7209
7212
7213
7215
7216
7216
7219
7221
7222
7227
7227
7227
7228
7230
7232
7236
7237
7238
7239
7240
7246
7250
7251
7251
7252
7253
7254
7259
7259
7264
7265
7267
7267
7268
7268
7271
7276
7279
7283
7290
7290
7291
7291
7292
7294
7296
7297
7297
7299
7300
7301
7301
7302
7304
7304
7304
7305
7305
7307
7311
7312
7312
7325
7327
7329
7331
7332
7335
7336
7337
7337
7338
7339
7340
7341
7344
7344
7348
7350
7350
7354
7356
7360
7362
7363
7363
7364
7365
7366
7369
7372
7375
7380
7384
7384
7385
7386
7389
7389
7390
7393
7394
7394
7395
7395
7399
7399
7400
7400
7403
7405
7406
7407
7409
7409
7411
7413
7415
7418
7422
7426
7428
7429
7433
7433
7440
7441
7441
7442
7453
7454
7457
7460
7465
7469
7475
7478
7479
7482
7482
7485
7485
7485
7488
7491
7494
7495
7495
7495
7498
7498
7498
7503
7505
7509
7509
7512
7513
7514
7516
7517
7520
7523
7523
7526
7526
7529
7529
7530
7533
7534
7535
7537
7540
7546
7546
7546
7546
7549
7549
7549
7552
7556
7556
7557
7564
7569
7569
7572
7574
7581
7581
7582
7582
7587
7589
7590
7591
7594
7594
7599
7601
7607
7610
7610
7614
7614
7615
7616
7617
7618
7618
7618
7620
7622
7623
7625
7632
7637
7638
7644
7646
7648
7648
7656
7656
7658
7658
7660
7660
7661
7663
7664
7664
7670
7671
7672
7677
7678
7688
7692
7696
7702
7702
7702
7703
7711
7712
7714
7714
7714
7715
7717
7718
7719
7719
7719
7722
7722
7725
7726
7729
7732
7741
7742
7743
7747
7748
7750
7751
7752
7753
7753
7755
7755
7755
7755
7759
7759
7760
7765
7768
7769
7773
7773
7776
7779
7779
7779
7782
7793
7793
7797
7798
7799
7802
7808
7810
7811
7812
7812
7814
7814
7815
7817
7822
7827
7828
7832
7838
7839
7844
7845
7845
7847
7848
7848
7853
7855
7856
7856
7856
7859
7860
7861
7862
7863
7864
7864
7868
7869
7874
7878
7879
7881
7881
7882
7882
7883
7886
7888
7892
7896
7897
7899
7902
7905
7906
7912
7912
7913
7913
7913
7915
7917
7918
7921
7922
7923
7926
7928
7932
7933
7936
7940
7940
7942
7947
7949
7950
7950
7951
7953
7956
7959
7959
7961
7963
7966
7967
7967
7967
7972
7975
7977
7977
7978
7980
7985
7985
7986
7991
7995
7998
7999
8001
8002
8003
8007
8007
8007
8008
8008
8011
8013
8014
8022
8022
8023
8028
8031
8035
8036
8038
8038
8043
8043
8044
8049
8050
8050
8051
8051
8052
8054
8057
8061
8064
8064
8072
8075
8075
8075
8077
8077
8079
8081
8086
8088
8090
8091
8091
8096
8101
8101
8102
8108
8109
8111
8111
8111
8125
8129
8129
8130
8133
8134
8134
8139
8142
8142
8145
8146
8147
8151
8154
8155
8156
8160
8161
8163
8164
8165
8165
8167
8171
8172
8173
8176
8177
8178
8179
8188
8188
8190
8190
8190
8191
8191
8191
8191
8193
8194
8198
8208
8209
8213
8223
8225
8226
8228
8232
8234
8234
8236
8236
8238
8238
8240
8244
8245
8246
8246
8247
8248
8248
8250
8250
8250
8256
8257
8257
8259
8263
8266
8267
8268
8269
8271
8272
8277
8277
8278
8282
8286
8289
8290
8292
8293
8294
8298
8300
8304
8315
8324
8324
8326
8332
8338
8339
8344
8347
8351
8354
8356
8357
8360
8360
8362
8363
8364
8364
8374
8377
8378
8380
8382
8382
8382
8387
8389
8391
8391
8395
8395
8397
8402
8410
8411
8415
8415
8415
8418
8420
8421
8422
8424
8426
8429
8432
8433
8435
8437
8438
8438
8440
8443
8443
8445
8446
8449
8450
8450
8451
8451
8452
8455
8457
8460
8462
8463
8465
8467
8468
8469
8470
8473
8477
8479
8481
8482
8483
8486
8486
8488
8489
8491
8492
8492
8495
8496
8502
8504
8509
8510
8511
8511
8515
8515
8516
8517
8527
8528
8531
8531
8535
8536
8537
8540
8543
8544
8544
8545
8546
8547
8561
8567
8573
8573
8575
8576
8576
8580
8581
8581
8584
8584
8585
8588
8590
8590
8592
8595
8599
8600
8601
8602
8603
8604
8605
8606
8607
8610
8611
8617
8617
8621
8626
8626
8627
8627
8629
8629
8632
8634
8634
8636
8644
8644
8645
8649
8652
8658
8660
8660
8661
8664
8665
8668
8671
8672
8673
8674
8676
8677
8677
8677
8677
8677
8681
8682
8682
8684
8685
8685
8686
8689
8691
8691
8692
8700
8700
8702
8703
8703
8705
8709
8710
8711
8711
8713
8715
8716
8716
8717
8720
8725
8725
8725
8727
8727
8729
8729
8732
8732
8734
8735
8736
8736
8738
8740
8742
8745
8749
8749
8749
8751
8751
8753
8757
8759
8762
8765
8767
8769
8769
8769
8778
8780
8783
8784
8785
8789
8790
8795
8795
8799
8800
8802
8803
8803
8804
8804
8805
8806
8806
8808
8808
8809
8813
8814
8817
8819
8825
8828
8828
8829
8836
8838
8839
8841
8841
8842
8842
8842
8844
8848
8849
8850
8852
8855
8856
8857
8863
8867
8869
8874
8877
8878
8879
8882
8883
8884
8885
8894
8895
8896
8898
8898
8899
8900
8905
8905
8912
8912
8921
8921
8923
8923
8923
8933
8934
8936
8937
8939
8940
8941
8942
8943
8945
8945
8946
8949
8950
8950
8951
8952
8954
8955
8958
8960
8960
8961
8962
8964
8964
8965
8970
8970
8975
8977
8978
8979
8981
8984
8985
8986
8988
8989
8990
8998
9008
9013
9016
9021
9022
9023
9024
9026
9027
9028
9030
9034
9034
9037
9039
9043
9049
9050
9050
9051
9057
9059
9063
9064
9069
9073
9074
9077
9079
9084
9088
9089
9091
9091
9092
9094
9094
9100
9103
9103
9104
9107
9108
9109
9110
9111
9111
9112
9112
9114
9118
9118
9119
9121
9122
9124
9124
9126
9130
9131
9134
9140
9145
9147
9150
9150
9150
9150
9152
9155
9159
9160
9162
9163
9166
9168
9170
9172
9174
9176
9182
9182
9183
9185
9188
9189
9191
9192
9192
9194
9194
9196
9198
9204
9206
9209
9214
9217
9218
9221
9224
9225
9230
9231
9232
9233
9234
9238
9244
9244
9246
9249
9250
9251
9252
9252
9256
9257
9258
9259
9260
9261
9268
9269
9271
9271
9271
9274
9274
9276
9278
9283
9287
9291
9291
9292
9293
9294
9294
9296
9296
9296
9303
9304
9307
9308
9309
9309
9310
9316
9317
9318
9319
9321
9325
9327
9327
9331
9333
9336
9338
9339
9339
9341
9343
9348
9349
9352
9353
9355
9358
9362
9363
9368
9368
9370
9370
9372
9372
9375
9376
9377
9378
9380
9384
9384
9385
9385
9386
9389
9394
9395
9396
9398
9400
9400
9402
9403
9406
9406
9407
9413
9415
9416
9417
9419
9420
9420
9424
9424
9426
9429
9430
9430
9430
9433
9434
9439
9441
9443
9446
9448
9449
9454
9456
9458
9464
9470
9470
9472
9473
9476
9477
9478
9478
9479
9481
9481
9482
9484
9484
9486
9488
9488
9488
9489
9493
9498
9502
9503
9505
9509
9509
9511
9513
9514
9514
9514
9515
9516
9526
9527
9528
9530
9532
9532
9533
9534
9534
9535
9536
9539
9540
9541
9541
9542
9546
9547
9548
9548
9551
9551
9552
9555
9555
9565
9566
9567
9569
9572
9572
9574
9575
9575
9578
9578
9579
9580
9592
9592
9593
9594
9595
9596
9601
9602
9610
9611
9617
9621
9622
9624
9625
9627
9628
9629
9634
9639
9641
9642
9642
9643
9645
9646
9649
9650
9654
9654
9657
9660
9665
9669
9671
9673
9674
9675
9676
9678
9684
9684
9684
9690
9692
9692
9693
9693
9700
9701
9703
9704
9706
9707
9708
9708
9709
9712
9717
9718
9721
9722
9722
9722
9724
9725
9726
9727
9729
9729
9730
9732
9733
9733
9733
9735
9736
9738
9740
9740
9741
9743
9747
9749
9751
9753
9753
9759
9762
9767
9768
9769
9769
9775
9780
9782
9785
9786
9789
9789
9791
9792
9793
9794
9794
9800
9801
9803
9803
9806
9806
9809
9811
9812
9813
9816
9817
9818
9822
9822
9826
9832
9835
9835
9836
9839
9839
9846
9850
9850
9850
9852
9854
9855
9856
9857
9861
9862
9862
9863
9864
9864
9866
9869
9870
9875
9876
9880
9881
9882
9887
9888
9896
9897
9900
9902
9902
9904
9906
9911
9912
9915
9916
9918
9918
9919
9921
9926
9937
9937
9939
9942
9943
9944
9948
9954
9955
9955
9957
9959
9959
9960
9960
9962
9962
9963
9967
9968
9970
9974
9978
9981
9981
9982
9983
9993
9994
9995
9998
