4.570558
8.796590
3.534119
4.924429
2.357965
2.634388
7.159609
7.031358
4.031129
7.286288
5.409251
9.584362
5.916925
8.846468
7.874008
3.104835
8.844207
6.739436
6.774216
3.512834
6.278535
2.477902
8.951536
5.261179
2.891366
6.964912
10.262066
4.952777
5.931273
4.158125
4.164133
5.971599
4.357752
5.312250
7.933473
5.208647
9.297311
4.816638
9.003333
2.808914
9.172241
1.612452
6.818358
9.313968
5.434151
5.704384
8.490583
5.250714
4.124318
8.611620
5.756735
2.894823
10.225947
5.441507
4.958831
5.752391
4.496665
5.890671
6.953416
3.095158
7.531268
5.989157
9.835141
6.628725
6.338770
3.806573
6.789698
9.073037
4.792703
4.220190
8.860587
8.598837
8.411302
8.357033
5.603570
9.270383
2.683282
6.791907
5.636488
3.067572
7.953616
9.450397
9.136192
7.559100
6.944062
8.958236
6.585590
5.323533
5.226854
4.505552
5.397222
4.496665
5.564171
6.123724
6.314270
2.942788
5.061620
3.754997
4.869292
4.733920
4.205948
6.200806
2.083267
7.186793
4.767599
8.798864
3.411744
7.513322
8.542833
5.324472
5.873670
8.359426
4.217819
5.661272
6.444377
3.996248
7.661593
7.118286
8.117881
4.162932
6.675328
4.973932
6.735726
8.153527
5.440588
4.057093
6.252999
7.958015
10.100990
2.374868
5.046781
7.846655
1.506652
9.518403
6.284107
9.497895
7.126009
6.714909
8.528775
2.485961
2.123676
6.329297
9.270383
4.341659
3.101612
0.948683
2.014944
6.723838
6.655073
4.346263
7.528612
2.336664
5.600893
6.970653
5.470832
3.271085
6.014981
5.489080
7.901899
8.367795
7.467262
4.262628
8.876936
7.887332
6.615890
7.009280
10.109896
8.603488
3.424909
2.137756
7.347108
3.612478
4.360046
3.905125
5.151699
3.950949
6.827152
3.280244
5.753260
1.307670
5.782733
5.428628
6.034070
6.836666
8.682166
4.456456
7.499333
7.116179
8.954329
7.624959
3.860052
10.005498
3.414674
3.756328
3.712142
8.357033
2.321637
7.085901
2.703701
3.478505
7.672027
2.927456
8.262566
4.985980
3.839271
2.981610
5.352569
5.734980
2.009975
8.516455
11.256998
6.110646
6.831544
9.803571
7.181226
3.721559
7.499333
2.952965
2.969848
7.841556
8.869047
6.348228
3.689173
2.954657
7.725930
4.188078
6.441273
6.803675
3.229551
8.572631
5.377732
3.802631
4.504442
8.083316
5.048762
5.933801
6.643041
5.971599
8.956004
7.992496
5.277310
8.168843
12.012077
5.073460
6.754258
7.139328
8.642916
5.700000
3.748333
3.911521
4.710626
3.579106
6.074537
5.158488
7.851751
6.333246
5.107837
5.811196
10.200980
5.190376
4.319722
3.668787
5.800862
4.992995
3.448188
8.584288
1.838478
6.696268
7.134424
6.952697
7.014984
4.033609
9.148770
9.246080
4.031129
4.821825
6.314270
4.016217
5.953150
6.431174
3.529873
5.645352
5.769749
3.522783
1.029563
8.431489
3.108054
6.406247
8.374366
6.381222
8.967720
7.933473
6.320601
6.161980
3.221801
7.782673
3.781534
6.876045
9.924717
7.448490
1.264911
2.184033
4.374929
5.967411
5.393515
5.935487
6.786015
5.266878
7.043437
3.785499
6.392183
5.064583
8.124654
2.747726
7.900633
3.691883
2.823119
10.200980
7.643298
4.036087
2.563201
4.704253
4.965884
5.552477
9.464143
4.328972
3.659235
3.255764
8.345658
7.839005
7.415524
3.154362
6.396093
7.777532
4.904080
7.731753
8.222530
6.786015
6.020797
1.897367
4.501111
7.249828
10.003000
5.247857
8.884819
3.748333
5.247857
8.122192
7.617086
10.397596
8.326464
4.349713
5.859181
6.306346
8.206095
9.449868
7.603946
8.015610
6.435060
6.682814
4.583667
7.757577
6.809552
4.787484
3.594440
6.363175
8.645230
5.103920
5.924525
3.720215
5.779273
5.378662
8.577296
7.091544
5.146844
4.700000
8.300000
3.552464
6.237788
4.277850
8.584870
7.020684
6.514599
6.658078
5.192302
6.573431
6.120457
6.853466
4.396590
10.536128
9.115372
5.031898
7.508662
2.353720
9.910600
5.155580
7.109149
4.387482
9.135644
4.482187
7.772387
8.242572
7.622992
3.937004
10.264989
6.874591
3.405877
9.787237
9.236341
6.297619
5.827521
5.846366
9.009994
4.512206
4.990992
3.062679
1.004988
8.215838
1.296148
5.200961
5.722762
4.115823
9.357884
4.348563
1.772005
7.553807
7.894935
3.906405
4.393177
5.886425
7.178440
3.127299
5.962382
8.727543
7.366817
3.683748
5.624055
1.503330
7.222880
5.172040
8.869047
2.264950
2.032240
8.891007
2.147091
7.729166
6.398437
4.346263
6.944062
8.682166
6.906519
3.295451
7.164496
10.197058
5.909315
9.562949
6.014981
6.981404
8.024961
9.521029
10.052860
9.708759
9.733447
2.459675
4.588028
8.244392
7.935364
7.046276
6.860029
4.718050
6.777905
8.636550
3.498571
8.293371
1.910497
5.189412
9.273618
1.754993
3.963584
8.171291
2.624881
6.709694
3.246537
5.803447
3.854867
3.972405
5.600000
7.560423
7.049823
8.531120
5.886425
4.253234
9.036039
6.879680
8.151074
9.390953
6.021628
6.191930
5.576737
9.728309
6.493073
8.770405
3.753665
4.549725
6.370243
7.539894
3.033150
5.521775
7.351871
5.450688
10.671926
7.200694
4.095119
5.615158
8.080842
9.638983
3.648287
9.754486
4.794789
3.517101
2.672078
7.075309
7.014984
2.968164
9.992497
2.186321
7.751774
5.372150
2.600000
5.507268
6.090156
8.080223
3.449638
4.267318
4.409082
9.390953
7.020684
5.281098
4.041039
6.314270
2.927456
2.792848
2.477902
8.173738
3.966106
6.619668
6.695521
4.523273
8.869047
0.469042
9.056489
8.532878
5.303772
6.745369
3.784178
6.135145
7.647876
7.095773
5.943904
3.889730
6.895651
7.003571
5.987487
5.504544
5.741951
7.406079
2.220360
6.447480
9.396276
8.001250
9.074690
3.843176
9.506314
2.418677
9.275236
7.915807
6.303967
7.306846
4.822862
9.444575
6.879680
2.917190
4.535416
9.105493
6.447480
3.832754
4.192851
9.973465
8.028076
2.061553
7.051950
4.535416
8.276473
6.420280
2.284732
3.024897
4.527693
11.065713
8.969392
7.430343
1.824829
5.728001
4.495553
7.895568
2.551470
7.107039
7.303424
4.347413
7.927168
7.842194
7.491328
7.197916
3.959798
9.355747
3.579106
8.887069
4.661545
3.724245
6.168468
6.528399
4.075537
11.418406
5.546170
4.240283
5.961543
2.738613
1.746425
7.831347
5.874521
9.024411
5.939697
7.129516
4.124318
8.047981
5.801724
4.415880
3.327161
8.239539
4.065710
8.129576
5.690343
5.033885
3.745664
9.892421
2.167948
4.963869
3.780212
4.984977
7.694803
7.584853
7.218033
3.014963
5.251666
7.569016
2.998333
2.846050
4.784349
6.465292
5.516339
5.196152
7.212489
5.416641
6.354526
3.661967
6.574192
6.670082
10.745232
7.505998
7.628237
5.910161
4.469899
6.756478
3.926831
6.977105
7.399324
5.281098
7.156116
2.707397
6.122091
7.159609
8.214012
5.177837
6.162792
5.123475
4.229657
5.278257
1.907878
2.601922
6.640783
6.634003
4.421538
3.464102
8.021222
8.482335
9.816822
3.112876
6.251400
5.899152
3.619392
3.429286
6.992138
9.012769
8.757854
8.145551
9.801020
8.624384
6.000000
5.621388
7.793587
3.733631
7.758221
9.948869
3.685105
4.754997
10.101980
2.063977
8.220097
4.180909
10.644717
7.462573
6.370243
3.258834
7.649183
1.824829
2.249444
1.944222
6.772001
9.537295
1.363818
3.891015
9.703608
4.220190
8.206095
6.530697
7.295889
2.111871
3.433657
8.215230
6.571149
6.742403
9.115372
6.014150
7.564390
5.459853
7.964923
6.856384
5.591064
4.961854
6.224147
2.588436
9.404786
8.826098
1.240967
4.127953
7.425631
7.242928
8.179242
5.576737
2.238303
7.819847
4.167733
3.883298
6.807349
9.766268
2.418677
3.108054
7.711031
3.277194
5.831809
7.271864
4.319722
7.527948
6.108191
2.785678
8.866228
9.970958
8.188406
4.916299
6.611354
8.417244
5.467175
2.539685
2.745906
8.738993
3.863936
1.421267
7.811530
5.842944
7.487323
1.072381
3.448188
6.888396
8.823265
7.783958
6.879680
5.598214
8.761849
4.512206
6.258594
4.863127
8.895504
3.116087
7.596710
3.182766
6.061353
6.227359
6.148984
6.322974
10.283968
8.896067
10.988175
9.608850
6.024118
8.254696
9.434511
10.440785
8.601163
4.001250
7.176350
3.095158
2.879236
3.615245
7.854935
8.633655
5.012983
2.022375
10.544193
7.655717
2.489980
5.611595
3.220248
7.556454
4.933559
9.221714
9.361090
7.993122
6.617401
7.527284
7.289033
5.193265
9.259050
0.806226
4.532108
8.244392
5.204805
6.230570
4.330127
7.251207
4.342810
4.831149
2.068816
6.256197
7.749839
4.831149
6.159545
6.388271
5.976621
5.827521
7.441102
6.562012
2.437212
6.677574
9.394679
1.063015
8.061638
7.393240
5.831809
1.783255
7.162402
5.957348
8.589529
10.951256
3.461214
7.622336
6.378871
2.491987
8.149233
5.561475
7.323933
1.414214
7.886064
5.605355
9.007219
4.223742
3.652396
8.237718
7.905694
8.276473
2.071232
8.068457
3.574913
5.685068
3.528456
6.534524
5.205766
5.523586
8.287943
7.205553
4.404543
5.679789
6.708204
10.915585
5.590170
7.433707
10.031949
5.316014
6.288084
8.600581
7.839643
10.112369
5.987487
4.925444
5.312250
7.280797
3.892300
5.223983
4.754997
3.997499
7.877817
9.322017
8.640023
7.341662
5.994164
9.999000
2.963106
7.648529
3.858756
7.050532
1.479865
8.602906
7.297260
9.865597
9.279009
5.539856
2.501999
10.004499
3.552464
7.870197
5.632051
3.762978
5.917770
7.445804
8.190849
6.256996
1.702939
2.870540
3.781534
2.880972
7.900633
8.374963
7.569676
5.808614
9.980982
4.917316
7.035624
9.747307
8.495293
7.308215
6.760917
6.790434
6.918092
7.930322
4.248529
4.202380
6.178997
7.449832
3.790778
5.593747
6.447480
10.144949
5.651548
4.166533
4.477723
5.458938
7.397973
6.836666
7.978095
4.287190
4.532108
7.433707
3.103224
9.249324
4.360046
8.009994
4.207137
8.317452
7.367496
10.696728
6.630988
3.860052
6.972087
8.902809
3.549648
8.756141
4.042277
5.532630
6.370243
9.380832
6.382789
8.984987
3.832754
8.579627
5.860034
5.831809
7.416873
5.860034
2.044505
6.249800
9.902525
4.247352
2.213594
4.604346
7.718160
7.399324
8.173127
5.659505
3.525621
5.969087
8.511169
8.572631
2.611513
7.341662
8.144937
9.272540
3.765634
8.631338
6.094260
5.752391
5.662155
9.964437
4.428318
6.522270
3.196873
3.182766
7.398649
7.181226
7.738863
6.010824
3.361547
6.172520
4.785394
4.810405
8.234683
4.104875
3.931921
2.906888
7.203471
6.054750
3.981206
4.949747
5.464430
4.023680
7.561746
9.593227
7.118286
7.060453
3.790778
3.734970
2.944486
7.919596
5.503635
4.373786
5.717517
5.573150
3.159114
5.255473
11.276081
4.176123
8.012490
6.450581
6.924594
7.433034
7.117584
2.974895
8.453402
5.363767
7.503333
4.091455
1.658312
5.995832
4.255585
7.154020
5.514526
5.621388
8.906739
4.226109
1.920937
5.582114
10.876121
8.444525
6.313478
4.966890
6.745369
7.323933
3.935734
6.647556
6.912308
8.324662
3.982462
5.029911
6.969935
9.911609
5.598214
6.039868
3.518522
5.923681
5.838664
9.176056
8.145551
7.846655
6.599242
6.123724
3.757659
6.546755
3.104835
2.366432
3.021589
5.657738
7.553145
2.956349
3.514257
3.271085
9.091755
7.435725
5.811196
9.889388
2.236068
7.865113
7.328028
2.619160
5.775812
2.920616
4.561798
7.231874
7.940403
4.638965
3.016621
2.622975
3.742993
6.426508
6.268174
5.660389
9.719053
5.714893
7.360706
8.702873
7.577599
6.309517
6.051446
6.963476
6.963476
6.836666
4.796874
5.101960
2.372762
4.824935
2.738613
5.025933
7.018547
6.843245
9.810708
8.668910
7.020684
4.274342
4.744470
7.306846
8.925245
6.522270
5.590170
6.392183
8.264381
7.539231
6.676826
4.644351
7.218726
9.381897
5.756735
9.252567
6.783804
8.605812
4.610857
9.150956
4.109745
4.674398
6.604544
3.781534
6.610598
9.124692
5.663921
3.106445
7.061161
9.176056
1.854724
3.967367
9.532051
3.179623
8.509994
8.141867
2.792848
10.970871
2.756810
5.097058
8.607555
4.903060
3.563706
8.379737
10.878419
7.475293
6.957011
8.162108
5.448853
4.429447
5.735852
5.666569
3.615245
2.767671
7.588149
4.481071
5.061620
6.643041
4.255585
10.536128
7.201389
6.004165
5.837808
6.818358
7.075309
2.063977
4.504442
5.844656
4.036087
5.801724
5.172040
9.788258
5.423099
7.749839
6.635511
4.071855
5.001000
3.908964
6.833008
9.052624
4.777028
6.920983
7.447147
4.123106
10.210289
8.127730
3.732292
7.018547
8.058536
5.258327
9.291932
4.592385
3.144837
4.455334
9.605207
3.867816
7.392564
5.341348
3.325658
5.801724
2.034699
7.153321
4.828043
3.590265
2.467793
6.104097
3.837968
5.714893
3.624914
8.668910
6.951978
4.745524
8.902247
3.573514
6.303967
1.910497
1.649242
6.236986
7.303424
6.519202
4.289522
5.441507
10.294659
7.637408
1.341641
5.893216
7.549834
4.687217
10.066777
6.750556
4.572745
7.147727
3.395585
5.839521
8.757283
5.944746
9.585927
4.293018
8.453402
5.474486
4.890808
6.749815
7.403378
7.849841
8.510582
5.855766
9.513149
8.596511
7.327346
5.426785
8.702299
8.971622
5.235456
8.383913
6.232175
4.985980
11.123848
5.806031
8.471127
8.791473
8.072174
4.885693
3.567913
8.027453
2.981610
6.246599
7.173563
3.840573
11.067520
9.432921
6.377304
1.496663
7.966806
5.140039
6.821290
8.382124
6.906519
5.533534
9.330595
3.656501
7.310951
6.748333
2.128380
7.580897
9.235259
7.645260
5.605355
7.569676
10.053358
7.685050
5.040833
8.346257
6.670832
5.143928
3.449638
5.057667
4.070626
3.807887
8.200610
8.730407
3.569314
5.522681
5.625833
7.569676
4.572745
4.465423
7.145628
9.517878
4.779121
5.444263
8.061017
7.359348
5.908468
5.615158
6.341924
3.921734
8.133880
7.348469
4.482187
8.473488
3.830144
4.335897
4.013726
1.791647
4.280187
6.226556
6.316645
5.282045
9.249865
1.529706
4.833218
7.095773
3.581899
4.746578
4.091455
6.691786
6.123724
7.889867
5.735852
7.803204
5.459853
8.193290
7.102816
9.850888
3.933192
4.001250
6.020797
5.357238
2.349468
5.707013
3.374907
9.737556
5.128353
6.712675
8.946508
2.942788
8.875246
11.338430
9.133455
8.067837
0.927362
7.195832
4.702127
7.567034
7.798077
9.415413
6.815424
6.412488
4.154516
5.147815
6.013319
7.839643
3.569314
4.789572
4.592385
7.035624
5.957348
5.506360
2.046949
9.673676
6.415606
5.269725
7.582875
8.112336
9.587492
3.391165
9.693297
9.496842
2.404163
5.827521
2.121320
7.459893
8.324062
5.399074
2.774887
7.179136
4.589118
10.051865
3.602777
2.632489
4.249706
6.687301
6.147357
8.064738
8.645808
8.803408
7.925907
4.423799
3.146427
3.794733
4.129165
3.716181
3.413210
6.425730
6.385139
6.296825
4.753946
6.140033
2.917190
1.951922
3.304542
6.452906
4.289522
6.191123
9.087354
4.357752
7.996249
4.458699
9.254729
6.307932
8.672946
6.649060
4.805206
5.104900
7.060453
10.082658
9.016651
2.289105
2.974895
8.073413
9.284934
5.404628
5.423099
3.067572
7.130919
5.777543
1.933908
3.087070
2.385372
5.924525
6.946942
4.138840
2.925748
3.552464
4.739198
0.648074
6.860029
8.476438
7.805767
5.301886
3.061046
5.605355
5.822371
8.640602
7.071775
5.700000
10.509995
4.968903
6.347440
3.277194
4.627094
7.215262
7.975588
6.848357
5.487258
1.552417
3.231099
6.073714
9.696391
7.857481
2.328089
1.994994
5.250714
4.535416
8.000000
2.588436
9.345052
7.663550
8.544589
8.686196
4.326662
4.106093
10.266937
3.003331
5.758472
8.867920
7.398649
8.477028
1.459452
5.020956
8.969950
1.892089
6.106554
4.103657
7.917702
8.653901
4.980964
5.856620
3.402940
6.661081
5.866856
6.469158
7.782031
8.511757
3.672874
3.646917
2.709243
6.240192
4.280187
9.417537
8.329466
8.033057
8.026207
6.796323
5.923681
8.793748
6.913031
6.782330
4.173727
7.352551
3.911521
7.542546
7.741447
5.078386
7.749194
3.348134
6.185467
7.442446
7.343705
4.065710
1.805547
7.267049
5.510898
2.505993
2.758623
6.992138
6.445929
4.263801
5.969087
9.372833
4.057093
6.682814
4.955805
5.910161
8.349251
2.467793
6.568105
8.193290
3.584690
8.315047
6.637771
9.052072
2.420744
9.121952
5.022947
6.229767
7.723989
2.692582
4.631414
6.197580
1.902630
6.020797
3.652396
2.837252
9.003333
6.364747
2.839014
2.334524
5.910161
7.311635
10.847119
6.691786
3.511410
7.707140
7.622336
2.449490
7.880355
6.934695
1.360147
5.794825
4.665833
3.674235
3.159114
6.213695
5.998333
9.466784
4.342810
2.685144
6.839591
6.242596
3.293934
3.366007
4.937611
10.072735
8.174962
8.582540
6.628725
1.841195
3.906405
6.300000
6.301587
5.195190
5.021952
6.174140
5.386093
3.009983
3.900000
3.324154
5.127377
7.083078
3.878144
5.134199
5.364699
7.923383
5.955670
7.688953
4.086563
6.769047
6.750556
4.253234
7.267737
8.856636
5.759340
8.426743
4.887740
8.127730
7.267049
3.827532
2.817801
6.772001
8.807383
9.890399
9.453042
7.184706
6.682066
8.345658
5.717517
8.242572
7.842194
5.896609
2.988311
3.319639
10.572133
6.491533
3.634556
7.195137
6.676077
6.106554
8.441564
6.774954
7.095069
9.308598
5.258327
5.412947
3.028201
2.557342
6.663332
6.073714
2.539685
5.465345
8.149233
7.017834
7.672027
3.028201
6.673080
6.414047
5.866856
7.542546
3.106445
2.012461
2.071232
5.923681
2.913760
7.495332
6.153048
2.370654
8.848164
7.237403
6.379655
6.723838
7.453858
6.024118
3.774917
5.636488
4.924429
8.865664
9.515251
4.805206
3.879433
9.684524
4.045986
5.847222
6.561250
9.842764
6.888396
6.945502
8.695401
6.432729
10.225458
6.759438
7.640681
2.467793
7.172168
3.753665
7.134424
6.484597
9.610411
9.413288
6.677574
5.908468
5.247857
8.508819
9.497895
6.449806
2.537716
5.989157
6.077829
5.764547
4.158125
8.062878
5.574047
5.643580
2.443358
5.277310
6.192738
3.661967
2.723968
2.501999
4.387482
3.204684
5.611595
2.988311
7.217340
8.810789
5.456189
2.913760
4.618441
4.125530
6.670832
3.693237
4.148494
8.062878
5.285830
2.801785
5.906776
5.446100
2.487971
6.370243
9.349332
2.849561
4.220190
3.940812
4.696807
6.805880
3.929377
6.848357
4.864155
8.860023
5.860034
6.533758
4.951767
8.745856
3.619392
4.704253
6.135145
9.137286
5.913544
4.948737
4.360046
2.714774
8.015610
2.901724
5.067544
9.340236
5.910161
9.456215
7.531268
4.855924
8.252272
6.726069
8.181687
6.994998
8.388683
6.406247
1.788854
8.524084
7.737571
2.563201
7.803204
4.189272
2.927456
1.658312
4.352011
4.847680
4.661545
4.649731
5.178803
5.012983
6.024118
8.479387
3.354102
9.394679
3.879433
5.831809
7.341662
6.073714
6.878227
7.929691
2.240536
3.798684
5.364699
7.202083
8.802840
8.420214
5.829237
3.992493
3.586084
6.932532
8.570881
9.158603
7.723989
7.218033
7.007139
9.745768
6.923150
6.300000
7.068946
9.468896
9.781615
7.406754
3.992493
4.555217
8.251061
5.984981
4.892852
5.223983
9.881801
3.701351
3.420526
1.367479
4.700000
6.003332
7.966179
6.392183
5.756735
6.360818
8.207923
2.984962
9.877753
5.750652
1.479865
5.262129
5.433231
5.064583
8.479387
5.608921
9.166788
7.066116
4.373786
4.734976
8.016234
6.612110
3.522783
5.714893
5.030904
8.940917
6.220932
5.783597
5.101960
8.841380
6.539113
7.328028
4.012481
4.703190
4.085340
7.841556
8.383913
7.739509
4.990992
2.596151
9.259590
6.093439
6.612866
8.668910
4.210701
5.618719
8.045496
7.991245
3.163858
8.778383
4.886717
4.739198
3.293934
4.170132
5.752391
7.784600
6.171710
7.826877
5.297169
2.858321
3.916631
5.967411
9.934284
8.521150
5.954830
11.216506
4.323193
6.685058
4.002499
7.264985
4.691482
6.240192
5.767148
6.191930
2.794638
5.385165
7.027802
9.100000
4.448595
9.794386
4.053394
6.791907
7.196527
6.093439
5.533534
3.774917
4.478839
7.443118
3.705401
10.048383
4.486647
5.322593
7.491996
7.305477
4.148494
10.200980
2.135416
5.922837
6.902898
6.978539
5.246904
7.083078
7.435725
4.771792
9.075792
7.002857
3.870400
5.799138
2.692582
5.967411
7.245688
8.778383
7.340981
2.034699
7.775603
8.016234
4.896938
5.600893
8.633076
1.886796
6.257795
8.479387
6.182233
4.158125
1.500000
2.249444
6.407808
8.269220
4.438468
10.145442
6.011655
5.491812
10.034939
4.466542
3.436568
2.563201
5.323533
6.185467
6.829348
6.249800
6.901449
3.501428
3.443835
4.204759
7.032069
8.119729
6.153048
11.191515
4.786439
4.442972
4.455334
9.126883
5.664804
7.278736
9.896464
3.931921
1.558846
5.756735
5.725382
2.780288
3.925557
7.092249
4.385202
4.859012
8.013114
7.130919
7.041307
3.407345
4.031129
4.394315
6.651316
5.501818
6.790434
5.894913
7.009993
6.562774
6.562774
9.337023
5.739338
7.976841
6.689544
2.929164
5.136146
7.580897
4.115823
7.305477
7.552483
4.853864
4.649731
6.849088
3.939543
5.374942
7.561085
7.712976
5.942222
6.774216
9.057593
4.290688
6.643794
7.767239
7.906959
7.551159
5.025933
5.017968
3.606938
7.236712
5.721888
6.768309
7.118286
1.900000
7.720751
8.989438
3.349627
5.064583
7.328711
5.209607
7.657676
7.554469
9.546203
8.837420
5.349766
10.908254
9.017206
3.255764
8.373171
4.877499
5.250714
8.051087
9.368564
4.867237
2.379075
5.938013
3.203123
8.453402
6.004165
2.968164
7.642644
3.529873
8.127115
1.729162
8.070316
8.556869
8.228001
4.495553
5.459853
4.791659
6.896376
7.567034
3.278719
7.270488
2.300000
2.090454
2.275961
6.169279
7.330757
7.712976
2.509980
7.200694
2.385372
8.357631
4.867237
7.831986
8.610459
7.862570
4.348563
8.774964
8.602906
2.647640
8.833459
9.204890
4.654031
7.408779
7.869562
6.628725
8.668333
7.116881
0.734847
8.455176
3.325658
3.318132
5.357238
6.519202
4.330127
7.794229
4.574932
9.194564
8.568547
7.357989
7.946068
10.048383
8.616844
6.890573
5.893216
7.905694
9.476286
3.860052
6.388271
8.801704
6.105735
8.162108
1.766352
8.370185
7.158911
6.228965
5.251666
1.994994
5.872819
3.581899
5.978294
8.180465
5.146844
7.300685
4.032369
1.974842
7.705842
1.900000
8.234683
6.634757
5.612486
8.736704
6.567343
6.713419
8.232254
4.252058
9.146584
5.576737
6.702238
6.356886
3.206244
4.062019
6.410148
9.041018
2.578759
5.292447
10.004499
4.135215
9.863569
8.090735
7.443118
5.352569
2.598076
5.441507
7.408779
4.644351
4.009988
6.379655
8.345658
7.387828
11.160645
5.123475
9.509995
7.312318
7.751129
8.292768
5.342284
8.363612
9.370699
3.034798
3.722902
5.997499
4.042277
6.184658
4.981967
8.466995
6.986415
9.567654
2.570992
4.918333
4.378356
3.101612
2.657066
8.960469
8.631338
3.261901
4.928489
8.612781
5.135173
1.529706
7.860662
8.919081
3.231099
5.368426
5.648008
6.905795
8.319255
5.866856
7.953616
5.984981
8.754999
3.195309
6.862215
5.536244
8.972179
6.512296
4.628175
5.880476
10.113852
6.410148
7.389858
5.967411
6.774954
3.263434
7.111259
5.950630
5.116640
7.017834
3.168596
4.999000
2.690725
6.244197
4.535416
9.442987
10.867842
5.897457
9.709274
4.669047
8.744141
7.308215
5.002000
7.433034
4.690416
7.882893
3.682391
10.007997
2.722132
7.886064
5.382379
4.834253
6.211280
7.813450
9.546203
2.592296
5.057667
5.177837
5.806031
11.630993
9.141663
2.996665
9.470480
3.215587
9.048204
3.852272
6.845436
7.841556
5.872819
5.094114
9.719053
4.102438
4.831149
5.256425
6.435837
3.325658
2.833725
7.195832
9.134550
4.973932
4.989990
5.774080
2.321637
4.746578
4.754997
5.112729
8.493527
7.547847
6.603787
4.304649
1.374773
7.159609
1.643168
6.972087
7.654410
2.100000
9.240130
5.316954
8.222530
8.723531
5.555178
5.482700
5.193265
3.716181
6.813222
9.174421
8.758995
5.142956
7.513322
6.942622
6.600758
6.712675
11.672618
4.130375
2.531798
9.060905
6.798529
0.754983
7.403378
2.487971
7.310951
6.984268
9.417537
5.415718
3.797368
2.282542
9.516827
7.384443
10.288829
5.078386
4.508880
4.650806
4.013726
6.181424
2.009975
4.196427
10.501428
7.613147
8.181076
1.157584
5.578530
4.618441
5.692978
6.525335
4.718050
5.208647
1.772005
3.894868
10.997272
9.889388
3.986226
6.268971
8.295179
8.973294
7.349150
2.565151
8.732125
3.263434
8.013738
7.561085
7.880355
6.562012
8.325863
7.032780
7.114773
6.188699
6.970653
7.056912
7.044147
7.128113
2.912044
3.146427
5.749783
7.553807
3.983717
7.128113
7.021396
5.140039
8.450444
8.031189
9.424967
4.274342
4.916299
10.996818
6.104097
5.159457
4.108528
5.100000
6.836666
4.328972
6.315853
5.379591
7.993748
3.770942
6.470703
4.891830
5.273519
5.855766
5.657738
4.050926
3.501428
9.128527
7.268425
4.719110
7.710383
6.506919
6.313478
6.024118
5.209607
3.315117
8.807951
7.338937
8.481745
7.167287
6.820557
8.427336
2.847806
8.939799
8.348054
4.372642
4.406813
6.987847
3.401470
6.780855
9.438750
7.289033
5.443345
5.477226
7.345747
10.088112
8.304818
7.747903
6.969935
4.091455
8.374366
7.563729
9.553010
8.870738
3.923009
5.331041
7.968689
5.522681
8.837986
6.306346
6.191930
8.132035
6.227359
3.234192
2.555386
5.725382
1.992486
9.011104
8.043631
5.442426
3.987480
3.756328
7.746612
5.041825
4.992995
5.309426
8.546344
5.928744
4.712749
3.397058
9.075792
6.801470
5.654202
6.624198
8.934204
4.985980
8.630180
3.146427
1.881489
7.411478
6.804410
3.420526
9.679359
7.487323
3.765634
4.287190
6.914478
6.736468
7.749194
5.324472
6.886218
6.533758
6.354526
7.376991
8.802840
6.448256
6.268174
8.507644
6.998571
9.295698
6.868770
6.113101
3.689173
9.958414
2.927456
7.563729
5.536244
8.388683
8.697701
6.673829
1.824829
7.630203
5.080354
5.202884
3.518522
5.064583
5.078386
9.165697
9.688137
9.103845
3.950949
7.961784
6.132699
2.193171
3.894868
5.949790
5.948949
8.432082
7.360027
6.550572
5.515433
5.131277
4.013726
8.013738
8.697126
3.379349
8.254090
2.100000
6.595453
5.064583
9.184226
8.103086
8.866792
5.015974
2.984962
2.453569
7.772387
5.346962
4.402272
2.596151
9.202174
7.409453
3.837968
5.861740
4.143670
1.897367
9.471008
9.688137
2.630589
9.980481
3.512834
3.124100
4.286024
5.441507
3.874274
6.918815
6.309517
2.549510
3.059412
3.389690
5.020956
3.844477
5.409251
9.453571
6.178997
2.835489
10.136074
8.724105
6.612866
7.880355
5.835238
8.956004
8.104937
3.993745
4.662617
7.805127
6.379655
6.227359
3.700000
5.142956
10.217632
2.624881
7.061869
8.479387
4.081666
5.968249
2.858321
7.453187
3.056141
4.855924
6.630988
7.872103
3.689173
7.859389
6.616646
0.984886
10.497142
6.136774
6.594695
3.215587
6.088514
5.854912
4.949747
3.511410
6.549046
4.589118
4.553021
5.706137
8.923004
5.619609
8.292768
10.100990
2.024846
4.092676
6.527634
8.027453
6.332456
8.573214
1.479865
8.515280
6.931089
5.492722
2.860070
5.225897
5.453439
6.877500
3.801316
5.824946
4.106093
3.693237
7.137226
5.471746
3.749667
5.022947
8.642916
3.818377
3.652396
9.512623
7.360027
8.140639
2.539685
5.688585
3.892300
9.261749
7.533260
6.135960
3.551056
3.863936
8.104320
4.645428
7.922752
4.216634
6.449806
7.204165
3.154362
8.354639
6.900000
6.660330
4.202380
1.846619
6.918092
2.264950
10.048383
6.465292
7.671375
7.271864
3.300000
2.410394
9.787237
9.515251
7.839643
4.159327
1.067708
6.281720
2.925748
10.325212
4.834253
5.227810
1.892089
6.670082
8.509407
6.964194
7.971198
7.806408
9.310746
3.668787
5.357238
4.134005
7.588149
2.908608
9.745255
9.732934
6.029925
3.127299
3.361547
8.923564
6.166847
10.478072
8.100000
9.071935
5.391660
10.497142
3.402940
2.915476
2.738613
5.629387
9.589578
7.834539
7.949843
8.911229
7.810250
6.470703
7.808329
6.300794
6.655073
1.933908
6.363175
4.767599
8.640602
7.240166
3.401470
6.931811
0.866025
7.229799
7.452516
3.275668
11.136427
9.633795
6.106554
4.482187
4.659399
7.245688
2.334524
6.133514
3.769615
4.085340
7.303424
5.800862
5.675385
2.340940
6.341136
5.387021
3.293934
6.306346
4.049691
5.769749
8.848164
5.021952
8.736704
6.244197
2.765863
8.446301
5.847222
7.720104
7.912016
7.616430
8.699425
6.860029
1.926136
4.149699
7.606576
5.379591
6.905795
2.563201
3.436568
4.224926
4.509989
2.929164
4.345112
6.319019
6.901449
8.538150
1.881489
7.373602
1.846619
3.331666
6.456779
7.778175
5.470832
5.341348
2.012461
7.885430
9.704123
7.679193
6.664083
4.220190
2.231591
6.671582
8.723531
1.746425
4.493328
5.562374
4.328972
8.469357
8.049845
7.823682
7.970571
8.443341
7.473286
5.497272
3.500000
5.474486
7.224957
6.944062
7.953616
4.713809
8.709765
3.410279
7.972453
9.308598
7.319153
8.609297
7.009993
5.009990
2.503997
3.087070
3.691883
4.747631
6.280923
4.838388
4.781213
6.600000
7.128815
5.904236
4.614109
5.751522
6.888396
3.604164
7.063993
4.234383
2.525866
10.234256
7.529940
7.032780
6.977822
5.756735
4.085340
4.967897
8.008745
7.942921
7.088018
5.363767
7.920859
2.934280
4.364631
3.858756
6.014150
7.537241
5.293392
9.571834
4.868265
4.607602
3.034798
7.579578
5.404628
7.097887
7.017834
2.437212
3.884585
8.903932
4.404543
6.687301
10.462313
4.545327
6.658078
8.345658
8.100000
6.700746
4.805206
8.774395
10.422092
7.002857
7.685050
1.392839
1.982423
8.817029
7.533260
8.203048
4.401136
5.895761
9.001111
3.820995
5.717517
6.503076
4.049691
6.216108
5.078386
7.242928
4.473254
5.582114
5.881326
6.500769
6.375735
4.763402
2.941088
9.784171
1.870829
8.869611
5.334791
1.994994
7.563729
3.043025
7.513987
1.539480
10.962208
8.015610
6.676077
6.148170
3.106445
8.046117
3.957272
5.700877
8.043009
5.500909
9.194564
6.905795
5.361903
3.069202
2.867054
10.435516
9.201087
5.173007
9.725225
4.614109
9.209234
8.041766
6.393747
7.484651
6.923150
4.130375
7.490661
8.110487
5.200961
9.999000
6.142475
8.702873
3.583295
9.148224
5.333854
5.817216
5.652433
8.546344
6.529931
3.472751
6.587868
10.253292
4.535416
9.008329
4.605432
7.323933
6.445153
4.433960
7.032780
6.899275
4.831149
8.320457
3.127299
7.967434
11.247222
5.707889
7.044856
3.146427
7.294518
2.908608
6.941181
4.123106
5.398148
9.281164
5.239275
8.335466
8.357631
6.307932
7.778175
7.345747
1.356466
7.282857
8.670063
5.921993
7.244998
5.805170
2.004994
8.228001
6.796323
5.369358
7.253964
6.157922
3.749667
6.968501
6.166036
2.144761
5.989157
4.574932
7.286288
7.438414
6.619668
7.708437
7.656370
2.782086
3.633180
4.691482
7.619711
6.630234
5.757604
2.865310
9.571834
4.366921
3.377869
6.786752
6.374951
6.664833
7.314369
8.945390
3.471311
4.900000
7.654410
3.885872
1.577973
8.626703
9.362692
4.692547
1.655295
2.061553
6.061353
4.867237
5.549775
6.612866
10.122253
6.737210
5.900000
4.602173
2.097618
8.914034
2.679552
2.215852
8.050466
9.126883
4.324350
9.339165
5.489080
1.503330
8.120345
7.764664
5.767148
6.568105
4.973932
8.746428
6.381222
6.173330
1.212436
3.241913
3.325658
6.093439
6.227359
6.309517
4.041039
2.658947
3.252691
2.947881
2.886174
4.505552
4.482187
9.925220
7.988116
4.290688
4.607602
6.442049
8.567964
3.781534
9.573923
8.038657
4.561798
8.429709
3.828838
5.044799
6.389053
8.812491
2.557342
3.655133
4.509989
6.353739
3.806573
6.777168
5.089204
5.847222
6.567343
8.248636
5.057667
6.824954
3.661967
7.001428
5.978294
6.595453
7.139328
8.346257
6.041523
8.248030
3.624914
7.767883
4.704253
7.754998
6.621933
9.263369
4.557412
6.736468
6.537584
5.587486
6.044833
2.379075
6.058052
4.273172
6.902898
2.009975
4.982971
6.640030
5.095096
6.347440
9.500526
6.227359
5.140039
9.140022
4.261455
5.780138
9.704638
4.409082
5.356305
4.274342
10.014989
9.214662
2.437212
4.676537
6.427286
8.476438
8.812491
5.686827
3.849675
8.018728
7.163100
8.015610
5.561475
1.702939
3.942081
5.073460
8.530533
3.067572
4.642198
3.401470
5.352569
6.954854
11.852848
7.196527
7.395269
6.957011
5.177837
9.529953
3.337664
3.900000
3.509986
7.787811
5.342284
7.170077
8.728115
6.712675
5.948109
9.437161
3.539774
6.715653
7.029225
7.049823
4.592385
8.729834
4.610857
4.508880
3.651027
4.366921
8.379737
5.636488
6.816157
11.064809
6.729785
7.645914
6.466065
6.621933
1.268858
8.800568
0.943398
2.140093
2.817801
3.843176
8.408329
4.091455
2.664583
7.242928
6.086050
7.700649
6.587868
6.866586
8.769835
8.336066
4.086563
6.218521
5.611595
6.491533
7.408779
6.558201
6.747592
8.207923
2.929164
4.838388
5.854912
6.123724
6.464519
8.011866
5.017968
2.994996
9.593748
7.716865
7.608548
4.211888
5.006995
7.863841
5.934644
7.258099
5.037857
4.649731
7.040597
2.004994
2.796426
8.417838
6.191930
5.435071
5.013980
9.408507
8.740709
4.402272
5.728001
6.122908
2.477902
6.841053
10.052860
8.128961
4.401136
3.770942
11.073392
5.203845
7.606576
8.830629
7.753064
8.259540
4.638965
3.837968
7.213876
7.479305
5.773214
5.574944
3.574913
8.154753
10.138047
2.437212
4.455334
9.321481
2.929164
1.783255
5.161395
6.771263
6.694027
7.191662
6.835934
8.181076
5.435071
3.093542
3.581899
5.468089
7.009993
3.056141
6.014981
6.804410
7.564390
2.422808
10.604244
1.816590
4.267318
8.055433
6.134330
3.127299
4.948737
3.586084
5.581219
2.541653
7.741447
10.082658
4.624932
8.389279
6.031584
3.717526
6.526101
4.440721
5.413871
6.679072
6.712675
10.429765
9.142210
5.142956
8.673523
1.568439
5.264979
0.994987
4.185690
4.754997
9.065870
1.407125
9.494209
8.296987
7.545860
7.048404
4.810405
6.794115
1.558846
2.808914
7.259477
2.193171
3.801316
8.032434
5.315073
8.142481
7.014984
4.576024
3.766962
3.721559
5.126402
9.538868
5.296225
4.192851
9.334345
4.696807
4.859012
7.162402
7.767883
2.609598
6.673829
7.082372
5.812056
7.049113
8.655056
4.402272
2.128380
4.291853
4.167733
4.448595
4.529901
9.333810
3.882010
5.405553
6.417164
5.842089
6.589385
2.165641
11.135978
6.460650
7.486655
3.100000
5.756735
9.091205
10.188719
4.013726
3.507136
8.709765
8.698276
5.382379
5.840377
2.774887
6.322974
3.896152
7.858753
6.577233
3.981206
6.838860
1.754993
7.624959
4.565085
5.927900
8.495881
5.565968
9.274697
5.103920
6.093439
5.032892
5.394442
5.409251
3.971146
5.781003
9.795407
8.860023
7.257410
9.751923
4.929503
8.354639
9.898485
3.657868
3.974921
7.079548
9.187491
6.621933
5.227810
4.419276
7.495999
8.237111
4.940648
3.813135
2.428992
5.707013
2.130728
5.995832
5.565968
4.860041
5.057667
8.215838
2.572936
7.009993
8.495881
6.360031
7.524626
9.457801
8.949302
9.756024
5.811196
8.710339
7.925276
6.946222
8.286736
2.233831
7.024244
1.104536
3.773592
2.549510
7.262231
7.105632
8.612201
4.529901
6.070420
7.120393
4.867237
8.388683
7.046985
5.554278
8.439194
8.832893
3.937004
7.125307
5.978294
1.565248
7.543872
7.524626
2.449490
5.819794
8.725251
8.015610
4.567275
4.036087
8.136953
3.130495
6.946942
5.550676
6.041523
4.955805
6.407808
5.573150
5.514526
4.448595
7.020684
7.406079
9.144944
7.685050
7.854298
7.903164
7.711031
5.188449
4.730750
8.283115
8.140025
7.910120
8.290959
4.376071
5.562374
3.925557
4.196427
6.204031
2.998333
8.628441
5.159457
3.920459
5.772348
9.042677
6.545991
4.704253
5.685948
5.942222
9.237424
8.402381
5.189412
8.497647
9.483670
3.635932
1.900000
6.882587
10.019980
7.704544
8.853248
2.694439
5.568662
10.622617
4.665833
9.362692
6.315061
6.647556
7.269801
5.243091
3.144837
4.665833
8.430896
6.540642
5.832667
5.056679
6.294442
7.089429
9.082401
5.821512
5.438750
6.511528
8.252878
4.159327
2.059126
8.405950
8.891007
4.869292
9.222798
6.555913
5.811196
8.617424
2.537716
9.334881
5.931273
7.616430
5.617829
6.067949
4.057093
8.132035
7.218726
10.112369
7.770457
5.493633
4.080441
5.604463
7.601316
6.044833
7.100704
4.911212
6.842514
7.788453
3.026549
5.764547
5.128353
6.372598
8.783507
5.678028
8.760137
7.186098
8.193900
9.240671
2.745906
8.838552
2.539685
8.389279
6.645299
3.008322
6.522270
10.072239
5.564171
6.191123
6.529931
5.664804
9.009994
8.736704
2.286919
5.612486
7.574959
4.917316
5.769749
5.481788
2.736786
3.114482
3.234192
5.631163
6.802941
3.283291
3.935734
10.973149
1.360147
2.839014
0.787401
7.379024
3.397058
6.714909
5.220153
5.326350
8.229824
9.508417
8.565629
2.459675
5.537147
8.764702
6.140033
6.946942
7.576939
7.230491
7.523962
9.295698
4.217819
2.343075
4.134005
9.215205
4.814561
7.218726
5.337602
3.343651
6.988562
7.606576
7.778175
5.110773
3.600000
5.818935
3.397058
7.874008
9.496315
8.329466
7.871467
3.033150
5.485435
4.931531
9.643132
6.066300
2.922328
2.533772
8.243179
4.701064
5.522681
3.246537
9.622889
4.148494
7.500667
7.595393
4.456456
6.210475
8.556869
7.689603
7.971198
6.757218
1.236932
6.802941
8.649277
5.895761
8.243786
4.705316
5.598214
6.849088
5.755867
7.988742
6.261789
6.774954
1.702939
4.327817
5.779273
4.433960
4.574932
7.505331
5.872819
8.145551
8.711487
8.049845
7.731753
4.134005
4.459821
5.608921
6.236986
7.376991
3.453983
3.310589
5.201923
7.463913
4.207137
6.367103
4.281355
6.214499
6.142475
1.772005
8.474078
3.702702
3.319639
5.283938
6.153861
3.912800
9.492629
4.277850
7.177743
9.064215
4.069398
4.676537
6.335614
6.109828
2.063977
7.187489
5.341348
4.204759
8.810221
2.475884
10.561250
8.000625
6.748333
4.220190
6.778643
8.290959
8.028076
9.018315
10.061809
5.849786
9.093404
5.994998
4.050926
10.000500
1.926136
4.623851
7.430343
2.032240
1.749286
8.659099
9.113726
7.034202
7.964923
6.655073
7.462573
7.343024
5.742822
3.367492
8.482335
7.345747
4.705316
3.337664
5.652433
7.420916
4.282523
4.872371
8.114801
5.467175
5.664804
3.093542
1.166190
3.234192
10.123734
6.194352
3.807887
5.398148
4.817676
10.668177
5.503635
4.874423
6.174140
3.720215
6.090156
8.738421
1.581139
5.295281
5.500909
8.215230
7.545197
6.857113
1.024695
2.875761
5.993330
1.435270
9.335416
2.941088
8.778383
6.425730
9.527329
6.395311
1.723369
11.442028
4.968903
4.811445
4.473254
4.544227
7.267049
4.075537
6.507688
2.956349
2.624881
7.584853
6.175759
5.427707
2.765863
7.400676
3.559494
2.780288
8.952095
1.319091
4.754997
6.204837
5.867708
4.917316
4.182105
5.668333
1.187434
7.161704
7.441102
8.264381
4.808326
6.041523
3.413210
4.301163
3.776242
6.239391
4.777028
6.796323
5.697368
7.018547
3.619392
8.426743
4.781213
6.943342
4.989990
7.611833
5.187485
5.662155
7.475961
5.955670
6.482284
4.290688
6.969935
5.923681
3.062679
5.633826
4.802083
3.989987
6.051446
2.220360
7.624959
8.257118
5.638262
6.521503
8.101852
8.752714
4.941660
5.188449
2.598076
8.008121
6.755738
7.849841
7.458552
3.901282
9.972462
7.473955
5.158488
10.210779
5.085273
6.236185
5.221111
10.208820
6.703730
3.929377
5.028916
7.203471
4.248529
9.671091
2.044505
5.686827
5.273519
6.601515
8.087645
7.205553
9.897474
1.791647
7.184706
6.997857
5.500000
5.360970
6.812489
7.066824
3.773592
8.293371
5.664804
8.306624
6.133514
7.553807
8.572631
8.534635
5.811196
9.806630
4.916299
6.848357
8.766984
8.637129
3.663332
8.103086
8.481156
7.788453
5.640035
4.295346
7.158212
7.503333
2.942788
8.422589
7.308899
7.362744
4.864155
5.374942
7.920227
6.977822
4.688283
4.953786
5.536244
7.204165
6.284107
6.606815
5.879626
3.701351
6.682814
2.906888
9.181503
4.642198
7.571658
5.637375
6.895651
4.623851
9.972462
8.377947
3.584690
7.650490
3.505710
2.984962
3.843176
4.286024
5.177837
2.942788
6.021628
4.036087
8.633655
5.944746
6.030755
8.491761
6.149797
8.487049
5.357238
5.200961
2.204541
7.300000
10.548934
5.568662
6.737210
10.557462
8.488816
7.610519
4.093898
10.999091
7.051241
2.567100
2.578759
6.661081
6.410928
7.763376
1.673320
7.134424
7.139328
7.022108
2.404163
5.446100
8.445709
7.151224
3.061046
6.153048
4.076763
4.370355
8.709765
3.741657
5.015974
9.327915
5.051732
6.527634
6.172520
4.234383
6.306346
6.806614
6.413267
2.200000
6.853466
5.565968
2.823119
5.446100
8.092589
8.141867
6.232175
5.295281
7.189576
8.215230
7.224957
2.167948
7.319836
7.890501
5.814637
4.528797
6.519969
4.315090
1.374773
4.202380
7.917702
6.679820
6.928925
8.221922
1.489966
7.273239
5.443345
5.759340
9.420191
6.199193
6.463745
4.518849
7.033491
5.778408
11.461239
4.977951
4.386342
7.491996
1.539480
10.707474
6.034899
6.741662
8.169455
8.855507
8.239539
8.958236
3.780212
6.582553
8.144937
4.949747
7.057620
7.000714
3.367492
6.854196
7.156116
4.736032
4.445222
7.022108
7.712976
5.325411
1.838478
6.223343
4.657252
4.570558
9.179325
3.828838
7.681146
9.008329
8.978864
7.510659
5.421254
6.777905
3.116087
6.651316
10.259630
7.685050
8.528775
9.904040
3.518522
9.304837
6.306346
7.915807
1.166190
4.508880
8.358229
3.374907
10.956277
5.424021
6.788962
2.949576
6.483055
6.967065
2.275961
2.500000
6.771263
3.629049
8.193900
6.774216
4.360046
8.386298
6.130253
6.331666
7.772387
5.967411
9.662815
7.467262
4.905099
5.854058
4.140048
6.833008
5.060632
3.974921
4.623851
4.998000
4.263801
2.655184
7.005712
10.729865
4.982971
8.605812
5.459853
7.262231
5.385165
10.125710
8.882004
7.168682
10.719142
6.532993
5.756735
5.420332
6.191123
4.492215
6.126173
3.843176
9.632238
7.218033
6.801470
3.436568
9.136192
5.278257
8.362416
11.431098
1.878829
1.157584
6.024118
3.189044
7.179833
4.302325
3.906405
8.152300
6.786752
9.273618
6.353739
7.261543
7.465923
9.464143
8.957678
7.186793
6.493843
5.725382
4.729693
2.647640
4.234383
6.010824
7.043437
9.014433
4.421538
7.729166
6.652819
7.366817
8.144323
5.616939
6.061353
8.363014
6.791171
9.161332
4.004997
8.132650
9.102198
7.398649
6.246599
7.903164
8.200000
10.149384
6.597727
9.137286
6.435837
7.441102
3.651027
8.638287
2.922328
5.203845
7.612490
5.060632
4.273172
6.879680
7.950472
7.753064
5.874521
5.273519
8.862280
6.448256
5.770615
7.117584
11.645600
5.711392
7.144928
4.623851
5.741080
6.103278
7.349150
7.187489
7.128113
6.417164
0.435890
4.142463
3.834058
7.197916
7.376313
8.654479
5.872819
2.073644
7.582875
7.404728
5.143928
7.412152
9.849873
7.312318
8.052950
6.783804
2.061553
4.920366
7.349150
7.608548
5.777543
7.847293
8.471718
9.590099
8.005623
3.405877
6.132699
5.967411
2.477902
8.013114
8.351048
7.505331
4.983974
5.576737
5.095096
6.539878
5.974111
8.011866
9.617692
7.854935
9.332202
9.172786
9.237965
8.005623
5.485435
4.511097
4.567275
4.597826
3.163858
8.206095
2.906888
3.226453
4.342810
5.555178
0.979796
6.375735
4.549725
8.878626
6.597727
5.408327
4.857983
4.513314
6.191930
9.155326
5.443345
7.632824
5.787918
5.860887
8.252878
5.552477
7.400676
3.000000
7.663550
8.467585
7.142129
3.905125
7.328711
5.872819
8.855507
7.206941
9.159148
7.933473
10.456577
10.585840
7.097183
5.426785
1.923538
8.256513
3.479943
6.583312
10.879798
5.565070
2.947881
9.964437
6.345077
7.592760
6.949820
3.217142
3.449638
6.936137
7.278736
7.893035
5.811196
3.790778
8.271638
4.360046
5.759340
6.177378
2.302173
6.772001
5.239275
5.880476
6.812489
8.295179
6.512296
8.883693
1.974842
5.282045
2.765863
5.357238
3.915354
7.938514
6.862215
9.261209
6.434283
2.302173
8.055433
7.123903
3.556684
3.366007
4.643275
8.499412
7.582875
8.718371
8.809654
6.929646
9.289779
7.934734
4.636809
5.874521
5.388877
4.073082
8.135109
7.007139
5.558777
4.017462
3.556684
5.994164
7.045566
3.581899
4.739198
3.672874
5.200961
5.236411
7.094364
5.124451
7.537241
6.044005
6.201613
8.168843
4.387482
7.326664
8.563878
6.447480
6.315853
7.218033
5.186521
3.806573
5.430470
3.689173
6.624953
6.397656
3.351119
4.851804
9.948869
9.036592
6.324555
8.832327
2.782086
6.214499
3.967367
2.853069
4.934572
1.536229
6.900000
4.445222
9.055937
5.981639
2.632489
7.138627
5.063596
1.649242
5.416641
3.809199
8.159657
9.213577
6.604544
8.710913
7.864477
10.030952
5.732364
1.643168
5.903389
6.894926
9.159148
9.058146
5.048762
7.292462
7.224957
8.056674
10.767079
6.449806
2.310844
5.481788
9.211949
11.096396
4.337050
9.004999
7.372245
3.293934
3.760319
5.967411
6.009160
1.584298
3.552464
5.143928
2.703701
5.565968
8.633655
5.389805
3.957272
6.868042
8.119729
8.682742
3.187475
9.085153
4.397727
7.011419
8.278889
6.774954
2.389561
8.041766
5.278257
9.617172
9.128527
7.217340
5.212485
6.894926
4.555217
5.611595
1.805547
5.953150
5.186521
5.403702
6.420280
7.770457
7.297260
4.001250
5.062608
5.718391
3.721559
3.674235
5.519058
5.523586
9.187491
8.878626
7.321885
5.595534
8.402976
8.591275
5.073460
3.077337
2.487971
6.277738
7.253964
9.513149
7.861298
6.439720
6.664833
4.282523
4.177320
10.153325
2.211334
9.470480
3.802631
8.469357
4.810405
6.409368
3.655133
4.727579
6.731270
6.370243
7.179136
4.465423
6.358459
10.250366
3.449638
8.268615
7.869562
3.580503
9.687105
2.609598
5.216321
3.220248
6.534524
3.613862
1.819341
5.022947
8.807951
8.483513
2.709243
5.497272
6.244197
5.721888
6.542935
6.500769
9.505262
7.553807
4.466542
7.574959
6.937579
5.790509
5.890671
6.326136
3.244996
5.022947
9.248243
7.343705
6.010824
4.837355
3.949684
7.190967
5.942222
5.614268
3.324154
2.567100
4.439595
2.408319
8.018105
4.754997
7.209022
9.146037
3.408812
4.855924
5.514526
1.749286
4.535416
5.412024
7.189576
3.769615
7.286288
9.127979
7.326664
4.104875
6.481512
5.635601
7.261543
8.626703
8.792611
5.586591
7.420916
8.386895
5.701754
5.363767
4.549725
6.748333
1.445683
9.113726
5.001000
4.342810
7.685050
6.874591
5.073460
7.335530
6.670082
7.780103
4.370355
5.292447
5.376802
3.641428
3.293934
7.470609
6.075360
2.875761
7.215262
4.333590
6.895651
8.612781
5.517246
3.534119
7.958643
5.665686
3.106445
8.793748
3.238827
6.972087
8.948743
6.419502
6.723095
8.410113
1.920937
3.251154
9.261749
2.664583
8.474668
5.936329
6.109828
6.268174
7.213876
5.231635
3.119295
5.791373
10.479504
9.544632
7.201389
6.807349
10.016986
8.641180
5.101960
8.292768
4.324350
9.766780
2.582634
9.679359
8.115417
1.565248
8.302409
7.355270
5.399074
9.289241
7.806408
4.460942
4.685083
5.962382
4.138840
3.043025
3.159114
3.661967
5.668333
5.753260
7.645260
2.930870
3.986226
3.328663
4.976947
8.141867
6.967065
7.554469
8.277077
7.003571
6.580274
3.716181
8.714356
3.426368
3.170173
3.915354
9.814275
7.635444
4.142463
4.702127
7.220803
1.878829
10.867842
4.374929
7.614460
4.180909
10.034939
6.220932
7.162402
8.769835
8.595929
8.556869
8.371977
7.435725
3.640055
7.749194
3.324154
2.258318
5.064583
6.201613
4.536518
10.551777
6.729785
2.722132
9.185314
6.702984
4.205948
6.730527
8.212186
3.942081
6.745369
2.780288
4.940648
4.691482
4.503332
3.319639
8.061017
8.693101
5.650664
2.613427
8.652167
3.539774
2.738613
4.685083
2.927456
3.518522
6.987847
7.592760
5.020956
3.429286
4.891830
5.363767
4.164133
3.732292
5.388877
8.698276
8.595929
7.384443
1.100000
6.930368
4.356604
7.349830
5.258327
0.640312
7.045566
2.229350
9.411164
8.410707
3.413210
6.129437
5.622277
0.812404
6.585590
4.091455
6.274552
9.373367
2.996665
7.018547
3.449638
6.425730
9.158603
7.742093
7.191662
9.145491
8.474078
8.497647
8.797159
5.916080
5.984981
3.566511
9.471008
9.432391
2.865310
5.997499
9.060905
4.173727
6.135960
5.311309
7.338256
1.902630
5.132251
4.305810
7.400676
7.767239
5.494543
8.062258
5.808614
5.036864
7.548510
8.018105
5.441507
9.290856
7.467262
4.652956
3.379349
2.687006
2.475884
7.449161
4.392038
7.410128
7.626926
2.220360
5.934644
4.106093
6.021628
7.720751
5.441507
7.476630
4.809366
8.856071
6.027437
8.000625
5.654202
5.124451
8.657944
1.816590
6.363961
5.943904
5.217279
3.106445
8.045496
7.004284
5.678028
8.261356
4.148494
1.816590
6.878227
7.708437
5.040833
1.920937
5.437830
5.119570
6.178187
6.934695
3.716181
4.460942
8.663140
8.866792
3.640055
4.211888
3.860052
3.627671
1.640122
4.173727
6.621933
1.892089
7.840281
3.351119
8.110487
4.634652
10.538026
8.981648
6.595453
6.830813
7.346428
5.893216
9.794897
10.109896
4.262628
4.900000
6.974955
9.617692
11.583609
4.527693
5.782733
7.694154
2.658947
7.069653
6.363175
8.893256
5.170106
2.598076
4.796874
4.617359
7.664855
2.379075
6.431951
4.648656
8.745856
5.672742
8.407735
2.395830
5.962382
2.420744
6.661832
9.734988
3.534119
2.823119
3.806573
3.544009
4.463183
8.085790
5.064583
5.984981
5.748913
5.478138
4.846648
9.244458
3.919184
5.735852
4.084116
4.649731
6.490763
4.121893
6.063827
5.704384
4.197618
1.868154
6.037384
7.405403
6.268174
1.307670
6.613622
8.122192
9.117565
6.700000
4.131586
7.921490
6.932532
7.492663
4.960847
5.197115
