key	ID	item1	item2	item3	
  0.002171        645             1.976592           907.064026            76.716423;
  0.005117        221             5.364147           604.717163           856.403320;
  0.007836         53             1.488296           100.765007           160.978027;
  0.007927        681             6.371258           803.179016            29.687399;
  0.008767        952             4.387555           272.095917           419.988617;
  0.011306        866             9.423109           592.479248           586.161926;
  0.011802         26            15.007996           821.490112           970.542542;
  0.012002        408            12.047701           426.550110           908.559448;
  0.012031        536            11.589923           635.052551           724.288696;
  0.015703        629            12.932737           256.012665           782.670593;
  0.016018        249            15.099551           292.817993           895.924744;
  0.017013        704            16.442366           340.609985           904.286865;
  0.017211        245            13.878811           775.285095           221.343643;
  0.020139        867            10.918515           370.212921           395.940033;
  0.020175        323             9.453628           440.436005           159.665726;
  0.020597        609            20.745476           742.904968           679.823181;
  0.020999        110            17.998810           505.715118           691.816956;
  0.022177        532            23.644733           609.905273           874.165100;
  0.022829        649            22.454512           672.193604           717.727173;
  0.023236        175            22.393475           858.997375           436.346527;
  0.023901        345            21.447401           888.142578           126.308998;
  0.023950        468            21.844143           102.046783           906.087463;
  0.026356        724            28.954954           805.528931           746.506165;
  0.027268         42            26.605030           528.390381           819.781067;
  0.027486        529            19.890957             6.462813           723.373108;
  0.028110         78            20.653919           504.616455           533.670044;
  0.028668        191            28.130955           954.367737           226.501266;
  0.029215        610            38.293617           981.376587           868.061401;
  0.030084         98            18.242958           367.435730           482.063263;
  0.031310        258            42.016876           906.148499           988.945190;
  0.031586        657            35.669025           577.128418           969.993164;
  0.033742        848            23.583696           518.471863           468.146820;
  0.037904        327            33.990509           841.418701           308.260345;
  0.041573        838            51.080875           942.160339           787.034729;
  0.043641        411            35.791100           794.786438           199.065125;
  0.043807        314            27.062807           203.978607           582.499695;
  0.044246        404            27.215399           518.075134           330.447296;
  0.045594        799            21.661032           315.035461           354.953674;
  0.050092        719            46.655689             3.258370           930.227600;
  0.056098        716            45.526505           568.583252           577.281006;
  0.057490        967            54.865170           676.801880           670.606628;
  0.059404        897            51.935390           541.726929           684.248413;
  0.060133        315            64.081757           600.078369           878.315613;
  0.060315        496            26.543993           301.881989           319.124939;
  0.061643        785            52.576283           800.645996           289.247314;
  0.063547        802            47.388134           398.228912           628.704712;
  0.064040        428            46.594654           681.257568           251.190735;
  0.064492        892            23.034365            71.314644           349.216187;
  0.066412        564            53.217171           632.275391           489.387695;
  0.067381        579            88.954346           970.176331           890.889221;
  0.067873        130            74.641167           803.819885           746.780823;
  0.069895        782            55.261909           449.225342           648.267090;
  0.071037        290            58.405315           503.578827           647.290466;
  0.074339         54            41.345470           462.745056           305.757843;
  0.076490         58            33.197029           430.639587            42.505173;
  0.077073        791            93.867821           975.486511           723.128967;
  0.077090        794            40.460434            88.252419           515.786194;
  0.077175        553            83.003235           988.517944           415.563446;
  0.079088        816            62.708427           674.970764           411.290833;
  0.079986        141            56.360577           556.589478           428.411713;
  0.080538        966            73.023682           327.090271           842.486877;
  0.082942         82            80.348122           765.763306           587.870911;
  0.084064        304           101.680565           831.317078           872.700195;
  0.085479        525            24.468733           218.078156           183.805878;
  0.086550        684            87.153755           983.573914           197.447647;
  0.087002        776            43.786949           169.126465           471.992157;
  0.090094        923            40.094212           310.427155           316.347748;
  0.090895        458            42.962952           163.297440           441.473633;
  0.092228        808            85.139534           616.405762           681.898438;
  0.092870        189            76.899536           496.590088           658.124573;
  0.094459        286            74.397018           755.051331           211.425125;
  0.094615        723           114.925598           925.192017           778.611633;
  0.096491        664           106.624557           838.336365           711.959167;
  0.099785        856            87.367378           655.896667           573.374634;
  0.100232        982           132.901001           995.048889           866.199768;
  0.103184        260            31.365917           231.018005           195.067200;
  0.103403        641            64.905762           462.226227           419.683441;
  0.105428        667            87.916718           590.129333           582.591248;
  0.105736        263            96.095673           573.923950           698.103821;
  0.106014        601           117.122925           544.137939           954.337219;
  0.108581        235           150.388107           961.966797           985.038818;
  0.109495        749            95.912567           868.671753            59.229317;
  0.110487        608           126.919373           808.458740           806.139343;
  0.112594        702            35.913174           316.439301            17.693624;
  0.112602        131            54.773613           482.276886            32.098362;
  0.112854        209            89.869896           497.658234           615.154480;
  0.115890        869           138.577438           907.582825           766.129578;
  0.117093        354            82.881165           448.004608           541.696411;
  0.117560        233           142.422775           719.344666           964.347290;
  0.118039        177           116.970337           930.837952           319.124939;
  0.119014        622           116.695671           364.139740           902.882996;
  0.121448        779           154.263962           853.687134           927.816589;
  0.121641        287           163.541580           966.361511           920.309082;
  0.122870        432            22.423994            78.852715           163.053284;
  0.125244        912            63.379833           216.521713           452.979126;
  0.126383        942            98.231972           769.974854            40.155247;
  0.127041        105            92.647087           580.821167           431.158386;
  0.128465        241           135.617142           449.500031           945.517334;
  0.128540        834            94.813896           592.021484           429.662994;
  0.128865        267           128.811523           979.637024           151.273148;
  0.130285        380           120.449448           478.065338           782.090759;
  0.130921        981           114.132118           584.300293           636.822632;
  0.132074        705           108.852409           719.466736           387.028625;
  0.132303        726            81.355232           271.577118           545.663818;
  0.133654        116           132.321152           595.408997           779.832336;
  0.135408        975           111.049744           201.354019           787.217834;
  0.135413         56           100.795525           541.025024           501.198364;
  0.136166        342            42.138950           306.581848             1.244148;
  0.136546        477           134.732101           966.208923           147.977142;
  0.137820        951           118.984558           106.990784           848.376953;
  0.139656        906           170.499802           807.024353           900.075317;
  0.140481        353           154.019806           755.600647           779.344055;
  0.141150        506           150.876404           918.386414           525.704712;
  0.143274        431           161.283218           880.451904           682.630920;
  0.147877        121           140.469589           921.804443           181.303360;
  0.150733        921           107.418045           193.358170           677.442749;
  0.150802        546           185.667496           990.165955           707.778137;
  0.151690        455           148.526474           464.972900           848.804199;
  0.152387        917           171.506912           936.636475           599.986755;
  0.153982        733            79.188423           507.515717            25.140141;
  0.155249        604            59.900723           253.327042           284.791626;
  0.155440        950           126.766777           428.076019           682.478333;
  0.162409         59           119.594925           466.132599           557.382935;
  0.162668        718           143.490921           868.427612            57.978058;
  0.166695        945           177.702164           972.129517           399.754852;
  0.168342        823           225.646744           870.716492           993.797607;
  0.170104         94            61.792870           111.904266           340.030121;
  0.172754        755           137.082031           745.773682           233.856232;
  0.173960        156           165.372696           892.293091           283.143616;
  0.174122        673           166.105133           488.838379           802.171936;
  0.175498        772            95.637901           534.555115            45.557022;
  0.175639        269           135.586624            17.907255           759.751160;
  0.175906        986           240.234589           938.009827           963.096008;
  0.177497         66            59.717613           295.564667           149.228394;
  0.178874        843           193.541275           874.195618           607.494324;
  0.178919        874           185.667496           467.933197           907.430237;
  0.180514        631            79.310493           196.898315           384.678711;
  0.182352         25            44.092136            82.850639           222.839050;
  0.184122        344           168.210907           459.998383           771.195618;
  0.184511        844            62.861019            95.729454           320.864502;
  0.184650        864           192.808838           747.665833           702.956238;
  0.186226        690           245.941559           856.525391           974.693054;
  0.187032        349           194.731491           833.300781           593.059082;
  0.188040        784           224.212372           919.485046           725.265259;
  0.188091        449           138.852112           557.535522           463.508026;
  0.189683        509           227.630447           731.429993           923.757629;
  0.191219         19           128.536850           512.032471           416.112762;
  0.191468        612           225.433121           678.510925           935.446228;
  0.191907         60            92.982788           219.970306           421.575592;
  0.192112        709           223.083191           865.711426           741.073853;
  0.192277        479            63.257759           226.592819           229.980377;
  0.192659        936           247.467484           840.472656           939.291565;
  0.193038        285            65.790794           177.244385           283.570892;
  0.194197        168           203.948090           923.788147           456.030975;
  0.195367        206           135.983368           642.590637           230.346603;
  0.196457         73            96.461899           474.921936            78.944275;
  0.196751        533           229.888824           728.866455           883.808899;
  0.196963         51           193.480240           833.178711           483.039856;
  0.198221        276           176.572983           770.188538           411.260315;
  0.199714        694           188.780396           879.627869           290.040802;
  0.199944        980           275.422424           915.853333           991.386658;
  0.200674        252           103.511673           406.804626           299.776215;
  0.201819        910           169.065430           763.718567           299.837250;
  0.203035        540           139.279373           422.857361           521.889893;
  0.204641        574           274.049103           871.998230           978.721497;
  0.205344        415           159.940399           598.521912           472.083710;
  0.206067         95           173.032837           142.483810           809.221680;
  0.206263        185           130.245880           617.870605             3.014222;
  0.206883        996            64.325905            57.550797           298.708069;
  0.209054        452           210.601120           539.621155           824.206299;
  0.210133        291           143.521439           415.838104           522.469788;
  0.210203        308           210.387497           889.149658           408.544189;
  0.210518        463           181.150757           833.605957           112.911377;
  0.211072        210           133.786041           285.707184           549.753296;
  0.213725        231           191.771210            96.889160           871.174255;
  0.215765        774           266.877258           706.130188           979.820129;
  0.216330        602           230.163483           515.389465           901.875854;
  0.217569        294           166.654465           747.177551            26.177771;
  0.217727        514           219.054749           977.714355            91.243233;
  0.218195        805           235.076965           898.488342           546.060608;
  0.219372        998           228.118744           948.111450           361.087891;
  0.219476        593           227.844086           484.596313           889.363281;
  0.219706        416           203.795502           838.519470           340.243744;
  0.220486         81           228.454453           260.834595           976.402100;
  0.220577        172           225.890900           844.409546           533.578491;
  0.221363        337           241.516373           520.119873           928.182861;
  0.223017        163           149.167358           350.803162           549.600708;
  0.225094        413           136.349594           340.426849           482.124298;
  0.226533         63            59.137760           200.835205           155.942474;
  0.228566        513           230.285568           930.105530           311.403748;
  0.230735        534           131.222473           420.476898           359.745087;
  0.231474        748           286.927917           728.530762           960.959717;
  0.232055        379           164.945435           355.716644           592.875977;
  0.234221         47           193.541275           735.885681           322.207306;
  0.234883        385           230.804382           548.868286           781.693970;
  0.235460        350           292.604370           676.496704          1000.511719;
  0.242908        903           268.586304           938.925354           518.532898;
  0.243691        460           203.093567           281.343018           757.736938;
  0.244569        331           292.299164           815.020203           823.840027;
  0.245457        773           274.690002           871.998230           645.398315;
  0.246101        339           134.610031           514.657043           127.224556;
  0.249449        383           299.684662           767.136658           874.653381;
  0.250309          4           143.429886           334.109528           442.877502;
  0.252647        519           219.665115           137.448257           829.943726;
  0.253843        387           218.047638            41.925320           829.791138;
  0.253982        927           193.510757            45.953766           735.488953;
  0.255118        475            45.495987           163.724686            54.102207;
  0.257015        621           255.524368           354.923157           892.842407;
  0.257958         14           208.678452           710.311218           326.083160;
  0.258922        155           258.698303           799.333679           540.750366;
  0.259758        357           120.998779           296.968506           337.863312;
  0.260138        317           258.789856           958.579285            61.792870;
  0.261801        806           180.326767           165.372696           643.872375;
  0.261817        552           193.480240           713.210449             1.213630;
  0.264597        490           287.477234           354.160187           986.076477;
  0.264660        860           281.159912           912.038574           466.590393;
  0.264774        666           312.685547           886.311462           715.072083;
  0.265057        545           247.253860           795.457825           419.866547;
  0.266121        578           249.664810           868.580200           251.770599;
  0.266534        852           239.441116           708.266479           498.054962;
  0.266766        890           312.014130           942.526550           618.297913;
  0.271837        566           346.530579           772.019653           953.391113;
  0.273344        178           371.830414           976.737793           870.716492;
  0.273843        588           180.815063           364.841675           519.784119;
  0.275251        855           135.037292           458.564026           110.317299;
  0.276965         27           277.955475           937.521484           225.738297;
  0.278187        117           268.738892           497.230957           783.433533;
  0.278579         88           203.459793            65.088867           698.408997;
  0.278883        224           169.584244            84.590195           577.799805;
  0.280220        482           253.937408           869.037964            38.720879;
  0.283593        489           164.335068           198.180084           519.143250;
  0.283812        292           180.723495           479.011414           378.636047;
  0.283834        491           176.756104            92.372414           589.946167;
  0.284808        793           246.643478           335.482849           759.323914;
  0.286468        119           246.704514           529.458496           632.824707;
  0.287630        633            42.261024           133.633438            44.092136;
  0.287795         91           237.274307            98.293007           783.433533;
  0.287953        750           311.129089           897.633789           514.687561;
  0.288710        661           261.567047           155.179504           853.412476;
  0.291658        979           277.955475           868.397095           277.253540;
  0.294070        303           318.941833           985.313477           322.085236;
  0.294176        205           268.983032           873.707275            18.395550;
  0.296972        414           136.624252           228.118744           375.431580;
  0.298373        190           298.219757           796.861694           524.453491;
  0.299297        655           273.560822           603.679504           629.406616;
  0.301343        792           312.746582           989.525024            12.108737;
  0.301963        202           336.123749           833.544922           656.720703;
  0.302244        419           195.921722           213.103638           579.997131;
  0.302347        764           340.945679           870.563904           630.474792;
  0.305686        280            92.402939           259.705414           124.050629;
  0.306581        230           229.492081           161.405289           693.983765;
  0.307135        597           340.976196           636.731079           843.097229;
  0.308861         44           358.921082           967.734802           533.944702;
  0.310360        198           222.625412           642.560120           228.240814;
  0.311004        878           354.709534           914.876770           581.370483;
  0.311108        995           384.922852           780.778442           879.231140;
  0.312478        711           355.808197           996.147583           421.484009;
  0.314475        517           324.648804           312.288788           928.884766;
  0.314815        212           129.147217           180.448837           345.035156;
  0.315912        858           345.889679           938.833801           444.678101;
  0.316749        510           315.798431           643.445129           693.007202;
  0.318897        999           301.729401           835.284485           326.327301;
  0.319992        150           245.697403           634.991516           354.923157;
  0.320662        949           240.967041           711.104675            31.091249;
  0.327075        200           283.387756           297.761993           762.711487;
  0.330449        193           103.053894           217.986603           197.783356;
  0.330471        871           179.777435           507.424133            78.364418;
  0.335902        503           267.792816           730.819641           172.544540;
  0.336091        295            61.335094            18.639698           170.866028;
  0.337427        444           306.520813           773.911743           363.743011;
  0.338638        299           291.597260           500.862671           636.853149;
  0.340540        778           299.379456           570.231262           598.399841;
  0.341763        585           399.876923           997.520874           462.653503;
  0.343111        216           407.628632           956.595581           574.625916;
  0.343646        381           294.801697           787.980774           167.661575;
  0.346739        127           512.307129           995.903381           963.706360;
  0.350743         77           378.575012           424.047577           917.531860;
  0.351876        394           223.296829           435.492004           403.966400;
  0.354698         62           440.771729           764.176392           875.202698;
  0.355322        756           339.023010           154.355515           878.407166;
  0.355612          1           211.760834           404.424164           382.359283;
  0.357272         92           284.791626           308.901245           677.412231;
  0.362459        582           235.321121           581.675659           166.684982;
  0.365474        572           324.862427            12.871700           827.288635;
  0.365671        880           224.242889           347.690277           452.643433;
  0.366941        550           352.145966           357.822418           817.888916;
  0.367410        662           337.619171           677.900513           520.455566;
  0.367478        624           444.556030           979.606506           553.385010;
  0.367507        139           379.307434           256.165253           925.069946;
  0.367572          5           506.508606           822.161560           983.024597;
  0.367652        898           199.675491           424.200165           274.140656;
  0.367931        909           480.781494           821.276489           895.466980;
  0.368749        502           348.697388           835.070862           274.354279;
  0.368956        164           399.907440           205.229858           986.290100;
  0.369377        338           189.177124           330.966125           342.013824;
  0.370844        819           174.314621            15.526811           436.254974;
  0.375174        462           449.255859           764.481567           804.765991;
  0.375668        112           472.449921           856.586426           790.361267;
  0.375998         69           288.026581           708.968384            34.783989;
  0.377522        586           448.676025           968.192627           523.232727;
  0.378268        282           428.320160           570.933167           879.048035;
  0.380414        351           238.281418           376.988037           439.825653;
  0.380664         33           399.449646           101.253304           965.049194;
  0.380673        128           320.895020           283.418274           726.150330;
  0.382706        322           279.634003           644.757446           199.950165;
  0.385785        388           362.949524           688.520996           528.512451;
  0.386044         99           508.705933           712.966309           984.550537;
  0.388127        558           559.610779           988.792603           887.684753;
  0.389734         15           452.612915           713.515625           796.709106;
  0.390519        316           438.849060           864.185547           568.705322;
  0.391618        682           258.393097           372.959595           479.041931;
  0.395476        180           404.149506           343.997528           873.310547;
  0.395639        406           474.220001           546.274231           955.710510;
  0.398102        125           442.755432           328.860352           965.781616;
  0.398297        149           390.721375           620.006958           652.112427;
  0.398923        873           549.905884           780.198608           994.530090;
  0.401103        888           381.718414           794.420227           358.982117;
  0.401562         67           490.181183           855.152039           720.077148;
  0.401833        309           355.075745            66.981018           806.383484;
  0.404061        739           171.506912           262.177399           286.378571;
  0.404237        598           453.833649           762.040100           688.307373;
  0.404378        851           293.397827           652.753296           119.411819;
  0.404920        516           307.100647            89.503677           687.666443;
  0.405134        651           137.539810           306.856506            46.655689;
  0.407916        169           485.694977           963.614807           503.243103;
  0.408663        359           366.916931           233.917267           785.356201;
  0.409660        780           456.030975           779.038879           651.410461;
  0.411212        835           353.610870           569.376709           538.736145;
  0.411258        935           536.447266           983.573914           668.043091;
  0.411270        243           433.569366           960.562988            26.788141;
  0.412224        154           431.127869           302.187164           903.676453;
  0.412232        296           441.565216           515.725159           828.509399;
  0.412887        334           315.310120           619.854309           315.523773;
  0.416711        256           479.499695           930.715881           477.393921;
  0.417131        427           451.270081           626.629456           757.675903;
  0.418338        957           416.112762           868.549683           248.718735;
  0.418710        539           488.441620           959.677917           448.614990;
  0.419995        707           534.097351           878.285095           748.672974;
  0.421198        637           102.535080             4.997925           220.733261;
  0.423641        747           298.494415           561.808105           302.858582;
  0.423877         57           457.862091           968.314697           139.676102;
  0.425064        248           486.427399           890.187317           529.641602;
  0.426202        293           455.115417           887.562683           381.291138;
  0.428659        343           461.280151           470.832458           850.604797;
  0.430685        407           344.394257           717.116821            81.019531;
  0.431551        900           471.290222           984.825195            25.567400;
  0.431613         48           305.422119            44.183689           636.792114;
  0.433814        933           326.693542           601.970459           313.082275;
  0.436483        964           489.418213           887.043884           480.506836;
  0.436616        405           209.624527           424.627441            79.096863;
  0.436835        297           525.796265           459.357483           980.461060;
  0.437054        654           513.314209           450.568176           955.466370;
  0.437225        696           463.538544           933.615112           193.602310;
  0.440037        300           366.581238           681.227051           309.114868;
  0.441289        941           560.648438           944.968018           637.829712;
  0.442165        615           394.627747           694.350037           398.350983;
  0.443184        459           464.270966           630.413757           696.028564;
  0.443228        846           485.023560           483.985931           853.229370;
  0.444639        970           562.510071           880.329834           713.485107;
  0.444658        213           209.319351           170.866028           385.472168;
  0.446132        863           645.093140           892.262573           937.307861;
  0.448440        790           483.955414           146.634323           953.391113;
  0.450942        569           441.382080           622.448425           613.018188;
  0.452556          2           333.865387           552.927246           356.449066;
  0.453012        620           346.438995           556.711548           393.559601;
  0.454314        531           390.812927           277.284058           714.400696;
  0.454388        498           315.310120            89.015381           611.705872;
  0.454798        618           490.822083           149.014771           949.515259;
  0.454998        135           472.663574            86.512863           921.010986;
  0.455476        365           512.154541           983.848572           184.660385;
  0.458730        192           415.014099           402.501526           695.875916;
  0.459186        737           333.743317            82.057159           640.423828;
  0.459211        403           666.944397           951.529480           871.296326;
  0.459674        247           429.632477           662.732849           499.764008;
  0.460414        225           194.029572           326.174713           183.195496;
  0.460538        134           476.844604           869.434692           297.945099;
  0.460722        371           417.943878           622.021179           511.208435;
  0.461336        480           437.902985           728.958008           421.728180;
  0.461615        650           444.891724           814.806580           258.881409;
  0.461907        106           566.355408           490.577942           970.542542;
  0.462901        590           428.442230           404.637817           713.698730;
  0.463637        158           570.353333           638.775818           883.168030;
  0.463815        914           296.083466           536.203125           179.807953;
  0.464612        820           307.314270           266.602600           521.523682;
  0.465894        669           412.175873           731.307922           279.267761;
  0.466333         75           586.253479           989.219849           508.126068;
  0.466381        488           403.539154           364.292328           673.139648;
  0.466607        990           515.877747           695.875916           686.995056;
  0.467377        943           551.248718           461.798981           934.866394;
  0.470220        913           273.743927            67.621902           509.316284;
  0.470256        627           441.565216           499.001038           661.603638;
  0.470422        382           188.017426           343.631317            79.432571;
  0.472457        613           165.616837           182.279953           249.451187;
  0.473202        841           279.084656           513.863525            76.777458;
  0.473687        714           410.100616           637.219360           418.706848;
  0.473742        901           595.866760           847.705505           712.996826;
  0.474244         96           559.030945           613.475952           837.054565;
  0.474300        392           484.626831           612.194214           659.070618;
  0.474899        902           595.195374           656.323975           886.433533;
  0.475269        535           385.990997           688.368408           191.710159;
  0.476132        289           364.078705           513.741455           433.844025;
  0.476176        445           453.040161           539.743225           639.233582;
  0.476290        743           403.478088           548.990356           503.426208;
  0.476582        710           568.735840           969.749023           400.304169;
  0.476729         23           531.594788           304.964355           931.570374;
  0.477041        319           287.080505           244.263046           469.123413;
  0.477144        142           251.007629            51.691246           459.418518;
  0.477940        184           637.066772           865.925049           788.072388;
  0.478512        281           472.999268           457.953644           737.320068;
  0.478551          9           449.805206           349.033081           747.879456;
  0.478681        523           679.823181           989.341919           758.957703;
  0.478794        492           609.386475           555.948547           969.260742;
  0.478913        811           401.433350            28.008881           735.305847;
  0.479526        369           391.514862            73.176277           712.722168;
  0.479588        937           658.246643           985.862793           691.816956;
  0.479711        745           436.865356           550.180603           579.478333;
  0.480140        628           557.688110           300.050873           973.685913;
  0.480467        916           543.893738           980.003296           158.811218;
  0.482310        759           590.007263           971.885315           451.422668;
  0.484089        668           476.203705           792.100830           336.886719;
  0.485132        683           678.083679           874.592346           853.778687;
  0.485154        813           487.831268           394.078400           785.997070;
  0.487043        288           259.095032           447.943573           123.348701;
  0.487446        777           499.184143           819.048645           358.768494;
  0.489743        250           241.852081           296.693848           312.014130;
  0.491203        595           414.403717           670.057312           301.729401;
  0.492898         21           685.865845           838.336365           873.524170;
  0.493440        118           211.608231            77.723534           364.811157;
  0.496488        703           584.788574           988.731567           260.315765;
  0.497156        887           377.903595           321.322266           575.968689;
  0.497176        814           421.117798           637.768677           365.177368;
  0.498112        377           321.535919            24.712881           559.183533;
  0.498138        971           601.512695           606.700867           853.351440;
  0.498502         84           561.625000           255.036072           942.770691;
  0.499710         65           427.679291             5.058962           741.317993;
  0.501222        678           490.577942            72.901611           843.799133;
  0.502042        181           545.663818           903.706970           258.637268;
  0.502402        402           324.068939           231.262161           507.515717;
  0.502889        974           343.692352           579.417297           115.047668;
  0.505287        318           295.808807           440.313934           247.681107;
  0.506479        215           359.012634           290.986877           537.484863;
  0.506949        954           530.404602           378.361359           818.651917;
  0.507299        895           385.075439           652.783813            42.169468;
  0.507414        573           612.774048           380.680786           968.497803;
  0.507685        187           407.079285           634.289612           273.682892;
  0.507960        679           589.244263           250.275192           967.368591;
  0.509452        580           373.142700           176.054169           605.174927;
  0.509662        530           396.153656            23.431105           668.348267;
  0.510349        643           597.728394           577.311523           825.335449;
  0.511331        218           629.559204           645.672974           838.244812;
  0.511899        454           660.291382           949.881470           570.566956;
  0.512191        147           363.926117           584.544434           175.260696;
  0.512283        272           750.290466           895.802673           882.984924;
  0.515072        524           660.199829           570.750061           938.772766;
  0.515331        203           608.989746           439.825653           912.252197;
  0.515516        171           663.587341           686.415222           863.392029;
  0.516971        600           421.209351           115.261299           687.849548;
  0.517258         49           421.331421           110.653008           688.276855;
  0.519660        576           488.960449           315.584808           739.364807;
  0.520054        273           179.228088           261.261841           135.617142;
  0.522116        842           567.820251           248.566147           893.605347;
  0.522353        183           691.206604           986.198547           548.318970;
  0.526654          3           484.016449           529.244873           574.686951;
  0.527231        978           417.852325           671.155945            55.414501;
  0.527774        568           623.455505           395.207581           922.262268;
  0.527846         43           739.059631           667.646301           984.092773;
  0.528820          7           370.609680           441.198975           398.930847;
  0.529922        547           634.442200           758.194763           675.275940;
  0.530215        254           536.355713           646.741150           563.334045;
  0.530574        961           638.043396           828.784058           593.425293;
  0.531084        962           697.157715           711.440369           854.999451;
  0.531266        217           388.890259           298.677551           543.497009;
  0.531553        356           537.698486           384.251434           765.824341;
  0.531584        839           604.808716           434.942688           859.943420;
  0.532683        124           338.778870           360.080780           400.060028;
  0.533676         46           870.136658           965.140747           984.764160;
  0.535432         13           616.466797           333.529694           913.411865;
  0.535885        328           332.949829           524.148315            20.898067;
  0.536649         28           634.259094           230.682297           970.237366;
  0.537341        114           566.080750           803.911438           378.300323;
  0.537351        944           220.916382           335.238708            88.496567;
  0.538565        885           679.945251           688.337891           811.052795;
  0.540959        907           558.115417           145.383072           855.457214;
  0.540998        713           317.934723           492.256439            44.397320;
  0.542761        689           824.847168           997.948120           795.793518;
  0.542927        355           579.478333           596.965454           668.592407;
  0.543800        527           600.597168           739.578430           558.664734;
  0.543985        893           490.974670           104.976563           750.015808;
  0.544076        324           543.435974           198.271652           814.257263;
  0.544554        589           448.035126           636.792114           265.870148;
  0.544853        959           665.326904           536.874512           871.906677;
  0.545256         31           138.211212            18.242958           211.699783;
  0.545571        853           696.608398           924.978394           538.034241;
  0.546157        348           769.486572           927.328308           730.056702;
  0.547116        648           649.304688           993.278809            15.435255;
  0.547296         29           293.825104           212.310165           396.001068;
  0.547399        487           575.144714           677.869995           560.038086;
  0.547940        153           431.310974           423.956024           503.822968;
  0.548050        170           644.421753           720.534912           669.446899;
  0.549236        599           688.978760           979.789612           372.715454;
  0.551067        423           555.765442           400.914551           739.944641;
  0.552966        214           476.722534           704.482178           140.317001;
  0.553024        366           712.813721           436.071869           981.376587;
  0.553172        847           514.962219           590.953308           502.205475;
  0.554208        378           470.283112           520.180908           477.821198;
  0.554967        421           618.389465           751.083923           543.222351;
  0.555875        410           647.229431           705.763916           662.336121;
  0.556405        236           682.936096           255.097107           987.449768;
  0.557019        762           431.127869           551.431824           330.325226;
  0.557900        810           650.739075           897.664307           362.278107;
  0.558206        386           376.621826           438.055573           348.544800;
  0.560215         87           826.983459           806.749695           918.905212;
  0.560580        825           758.286316           911.641785           650.891663;
  0.560829        804           343.905975           267.029846           431.799286;
  0.561371        469           496.651123           726.516541            90.693901;
  0.562009        757           444.250824           100.581894           646.039246;
  0.563611        515           466.773499           679.853699            76.228127;
  0.563973        194           771.256653           899.892151           682.295227;
  0.564963        720           850.848938           862.842712           894.246277;
  0.565755        132           546.762512            13.939848           796.770142;
  0.566181         37           473.273926           595.164856           347.171448;
  0.566260        788           516.366089           637.738159           397.740631;
  0.566802        712           589.763062           566.477478           643.384094;
  0.567159         64           507.759857           641.766602           363.071594;
  0.568007         38           498.878967           708.419067           143.765594;
  0.569148        850           243.164368           327.517548           127.041443;
  0.570025        120           550.851990           622.570496           492.775269;
  0.570048        425           823.870544           837.451294           841.845947;
  0.571937        507           554.025940           484.748901           629.620239;
  0.572567        140           458.716614           640.820557           144.162323;
  0.572567        107           727.645691           984.794678           340.243744;
  0.572769        521           737.320068           606.914490           863.208923;
  0.574945        571           799.242126           987.083557           565.073608;
  0.575177        160           582.713318           533.639526           634.075989;
  0.575618        830           500.435394           684.156860           193.205566;
  0.576209          6           354.740051           488.044891           122.433151;
  0.576683        815           744.430908           835.101379           644.055542;
  0.577266        556           531.594788            47.632282           750.443054;
  0.578055        372           436.254974           611.492249            72.962646;
  0.583066        494           880.818115           986.351135           730.331360;
  0.583906        262           490.059113           608.654053           306.215607;
  0.583957          8           564.127563           670.362488           406.957214;
  0.584686        237           702.956238           845.233521           486.732605;
  0.587107        611           538.553040           441.046387           597.392700;
  0.587430        301           597.453735           550.272156           612.102661;
  0.587669        528           641.980225           880.970703            71.619827;
  0.587774        430           593.974609           815.783142            53.858059;
  0.588441        466           387.211731           479.652313           230.224518;
  0.589484        474           727.523621           934.896912           346.194855;
  0.590059        692           621.075073           236.450302           816.240967;
  0.590399        665           555.948547           623.638611           434.393341;
  0.590507        614           876.881226           969.993164           703.780212;
  0.591572        335           627.667053           720.382324           461.341187;
  0.592776        472           500.893188           528.512451           428.716919;
  0.593764        741           559.519226           744.614014           143.063660;
  0.594143        159           515.664124           694.807800            67.866051;
  0.594152        306           663.556824           680.219971           586.741760;
  0.594949        196           606.029480           448.889648           684.706177;
  0.595874        504           554.148010           679.243347           310.488190;
  0.597399        775           366.306549           256.745117           419.378235;
  0.597435        450           725.600952           108.242043           967.917908;
  0.599189        727           970.664612           840.136963           988.060181;
  0.600353        518           752.426758           472.999268           883.686829;
  0.600811        563           451.270081           518.105652           303.438416;
  0.601235        768           664.533447           680.647217           562.815247;
  0.602553        699           533.609009           439.520477           553.476563;
  0.603021        698           608.501465            76.655388           801.317383;
  0.603646        467           863.666687           871.754089           735.641541;
  0.603752        969           986.503723           953.024902           887.898376;
  0.603916        940           472.541504           376.286102           497.353027;
  0.605861        931           548.105347            36.676136           718.795349;
  0.606261        443           918.783142           879.139587           824.419922;
  0.607780        352           290.681702           305.361084           225.829865;
  0.608932        103           471.625946             1.152593           614.361023;
  0.609747        279           740.219360           839.862244           469.520172;
  0.609963        938           719.863464           923.238831           149.136841;
  0.610016        640           854.450134           862.812195           698.164856;
  0.610224        266           574.961609           655.377869           357.303589;
  0.611302        220           684.217896           756.211060           461.280151;
  0.611497        977           461.890533            89.503677           590.922791;
  0.612435        340           694.014343           895.100769            35.943695;
  0.612788        440           382.756042           339.877533           357.944489;
  0.613588        991           801.744629           371.860931           962.424622;
  0.614363        660           931.509338           748.734009           933.065796;
  0.614888        868           722.915344           668.683960           642.254944;
  0.614940        845           521.767822            63.654499           666.059387;
  0.615278        626           514.351868           398.717224           524.697632;
  0.616020        701           691.115051           622.051697           627.758606;
  0.617705        688           487.342957           547.586487           291.719330;
  0.619282        305           802.019348           439.032166           917.196167;
  0.619461         68           632.794189           588.328735           544.931396;
  0.619777        174           139.859222           132.046478           118.007965;
  0.620547        259           523.415833           647.961853           132.778931;
  0.621058        229           564.036011           692.732544           163.663651;
  0.621128        227           597.118042           542.764587           522.530823;
  0.621168        484           538.156311           670.972839           103.755821;
  0.621601        875           590.434509           462.714539           582.682800;
  0.623203        240           556.131714           693.495483            78.211830;
  0.623418        730           556.101196           157.315811           679.487488;
  0.623432         72           725.814575           876.759155           244.751343;
  0.623686        199           808.092529           958.396179           327.456482;
  0.624226        438           401.311279             4.631702           502.235992;
  0.624276        401           802.141418           698.073303           721.297852;
  0.625010        493           378.636047           106.868706           460.669800;
  0.625596        983           760.300537           100.673454           942.770691;
  0.625774        670           497.963409           557.382935           273.103027;
  0.626028        686           538.430969           153.409439           652.905884;
  0.627757        508           655.286316           777.055176           237.518448;
  0.628374        137           999.992859           994.285950           737.533691;
  0.628658        152           236.969116           181.425430           230.255051;
  0.629318        133           333.621246           342.563171           228.881714;
  0.629389        537           332.156342           167.173279           374.485504;
  0.629660        483           783.921814           891.194397           375.828339;
  0.630522        886           801.042725           928.030273           333.346558;
  0.631336        325           621.258179            25.262215           762.711487;
  0.631470        812           978.965637           692.061157           982.902527;
  0.631786        312           725.845093           814.501404           360.080780;
  0.632282        186           284.516968           288.545410           195.647049;
  0.632714        102           569.437744           620.556274           317.232788;
  0.633167        619           436.651733           276.917847           456.336151;
  0.633474        397           807.268494           858.234436           485.511871;
  0.633665        591           628.124878           672.681885           368.168182;
  0.635059        195           718.886902           787.553528           379.978851;
  0.635526        891           672.773438           454.596619           679.243347;
  0.636529        685           808.214600           819.811584           535.623230;
  0.637958        179           304.689697           254.700363           265.320801;
  0.638154        242           981.803833           869.739868           804.125122;
  0.639556        451           690.138489           829.455444            12.230811;
  0.640643        495           624.065918           480.567871           573.161011;
  0.640777        307           999.351990           832.324219           860.736938;
  0.641189        638           810.320374           874.317688           419.622406;
  0.642782        734           891.224915          1000.420166           356.784790;
  0.643021         20           850.116516           493.568756           884.053101;
  0.643507        358           573.679810           681.196533            40.216286;
  0.643661        992           600.902344           513.649902           496.620605;
  0.644173        920           645.642456            41.711693           765.488647;
  0.644385        375           577.281006           307.955170           611.950012;
  0.644484        973           404.332611           474.403107            71.101013;
  0.644698        837           463.385925             5.943998           549.417603;
  0.644910        436           838.244812           750.870300           650.372864;
  0.646039        320           703.871765           299.654144           775.773376;
  0.646457        883           392.552490           218.871643           408.330536;
  0.647990        818           811.266418           864.338135           402.745667;
  0.648619         83           829.089233            61.487686           970.939270;
  0.649593        384           777.543457           440.954834           796.068237;
  0.649899        548           623.119812           728.195068            27.215399;
  0.650121        746           910.024353           827.593811           668.073608;
  0.650779        465           886.464050           718.917419           743.515320;
  0.651729         18           822.955017           897.114990           335.269226;
  0.652191        417           714.278625           600.627686           573.161011;
  0.652638        270           411.992767            68.293312           473.395996;
  0.653562        391           819.079163           169.034912           933.370972;
  0.654654        652           548.227417           313.967316           549.692261;
  0.655416        960           919.424011           690.474182           803.606262;
  0.655826        485           503.853485           579.936096             7.073184;
  0.655907         55           523.904114             9.331553           602.855530;
  0.656559        769           937.765625           535.897888           934.591736;
  0.657007        577           905.538086           465.400146           929.006836;
  0.658869        736           873.371582           996.971558            19.646809;
  0.658943        173           959.494812           476.112152           986.381653;
  0.659027        520           801.439453           458.655579           791.337830;
  0.659699        817           498.756897           164.457138           543.863220;
  0.659823         90           752.976074           780.717407           354.679016;
  0.661156        930           605.296997           518.136169           450.903870;
  0.662484        700           759.507019           784.257568           349.918121;
  0.663458        993           734.603943           404.515747           722.976379;
  0.663726        765           872.608643           749.344360           636.792114;
  0.664131        894           462.043121           441.748322           274.567932;
  0.665392        715           586.802795           644.391235           134.732101;
  0.665512        596           878.315613           504.494354           846.057556;
  0.665610        882           680.097900           308.870728           697.188232;
  0.665692        101           379.734711           126.614182           406.407867;
  0.666029        223           300.935913           270.844666           200.591049;
  0.666265        877           853.015747           788.652222           538.095276;
  0.666799        447           914.083313           836.230591           586.863831;
  0.667932        732           796.373413           814.531921           351.993378;
  0.667996        412           652.295532           285.249390           668.348267;
  0.668284        587           953.085938           401.677521           981.956421;
  0.668555        157           769.333984           848.102295           114.254189;
  0.668776        635           882.923889           700.514771           687.513855;
  0.668810        146           678.114197           746.200989           106.594040;
  0.668983        442           901.540161           255.036072           968.650391;
  0.670192        434           812.761841           342.593689           832.324219;
  0.670242         17           905.599121           440.008759           901.051880;
  0.670468       1000           827.105530           812.578735           421.239868;
  0.673679        239           919.851257           748.886597           676.313599;
  0.677524        905           870.563904           938.101379           114.467819;
  0.677630        647           876.057251           744.827637           590.892273;
  0.677696        476           806.169861            25.292734           874.378723;
  0.678005        390           785.051025           533.792114           662.915955;
  0.678842         36           891.804749           894.520935           361.057373;
  0.679175        751           980.277954           881.336914           587.809875;
  0.679178        929           974.082703           933.828735           485.878082;
  0.679483        919           916.433228           822.558289           550.089050;
  0.679539        958           558.268005           303.224792           520.882813;
  0.679610        884           621.624390           286.134430           606.914490;
  0.679853        826           722.274475             3.441481           779.099915;
  0.680189        538           728.500244           784.867920            19.127995;
  0.681146        257           863.300476           927.938660             2.342814;
  0.682088        332           846.759460           114.986633           900.502563;
  0.682343        253           350.864197            33.959991           374.363434;
  0.682650        562           960.013672           542.001648           873.096924;
  0.682821        800           804.247192           398.717224           762.558899;
  0.683230        934           811.998840           463.294373           733.810425;
  0.683264        313           882.923889           683.027649           650.952698;
  0.683429        592           624.187988           650.220276           147.488846;
  0.684823         22           892.994995           941.702515           126.949890;
  0.685864        658           821.764771           286.256500           823.595886;
  0.686565        439           631.054626           343.081970           573.496704;
  0.686908        879           848.163330           621.685425           647.107361;
  0.689495        104           800.432373           837.542847            74.244423;
  0.690929        672           960.746094           860.767456           519.204285;
  0.691108        396           526.345642           346.225372           427.923431;
  0.691194        824           918.661072           908.193237           312.624512;
  0.691901        208           464.362518           139.248840           464.118378;
  0.692202        639           715.621399           277.772369           692.488403;
  0.694142        693           906.392639           125.423965           931.539856;
  0.694143        965           978.782532           477.271851           895.802673;
  0.694296        341           937.155273           118.099518           964.225220;
  0.694420         32           659.070618           642.438049           231.689407;
  0.694727        997           356.021820           311.739471           196.684677;
  0.694858        238           722.091370           385.228027           640.393311;
  0.694976        321           605.754761           605.296997           162.473434;
  0.695347        374           455.481628           427.282532           197.600235;
  0.695501        437           882.954407           231.292679           882.374573;
  0.695883        400           867.634094           233.245850           864.490723;
  0.697153        435           605.480103           581.584106           222.381271;
  0.697841        346           407.537079           337.680206           246.857117;
  0.698128        376           482.307404           258.026886           422.002838;
  0.698870        204           846.149109           662.702332           557.443970;
  0.698893        947           707.839172           607.707947           394.230988;
  0.699118        833           951.987244           710.372253           665.815186;
  0.699371        207           889.515869           567.362488           710.311218;
  0.699513        461           350.620056           339.419739           114.437302;
  0.700327        708           796.739624           810.686584            47.784874;
  0.701282        255           991.508728           921.926514           407.353943;
  0.702449        264           683.210754           500.710083           478.004303;
  0.703139        908           649.304688           169.065430           634.472717;
  0.704341        677           555.246643           115.902191           547.464417;
  0.704728        544           932.485962           158.383957           925.314087;
  0.705798        219           320.742432           105.007080           304.323456;
  0.706981         71           892.628784           550.211121           703.291931;
  0.707812         86           484.077484           415.227722           246.948669;
  0.709891        148           706.069153           663.068542           225.982452;
  0.710284        441           418.889954            54.315838           411.565521;
  0.710614        336           946.554993           741.562134           573.069458;
  0.711021        697           653.485718           278.016510           583.415222;
  0.711465        987           913.900146           899.709045            73.054199;
  0.712057        904          1000.633789           939.444153           301.607330;
  0.712323        939           968.986084           555.277161           776.658447;
  0.716228         50           796.953247           654.004578           418.645813;
  0.716800        570           548.441040           519.906189           119.686485;
  0.716995        481           695.235046            97.621597           668.836548;
  0.717123        565           582.316589            37.225471           564.707397;
  0.717480        675           787.248352            66.706352           761.399170;
  0.718522         11           876.301392           699.507629           479.774384;
  0.719036        695           898.640930           341.678131           798.540222;
  0.719858        862           920.583740           681.440674           568.857910;
  0.720042        109           997.917603           550.363708           788.682739;
  0.720237         12           993.706055           753.677979           589.976685;
  0.721172        988           779.893372           748.917114            19.219551;
  0.722775        783           957.236450           842.120667           358.524353;
  0.722895        926           779.344055           251.465408           701.186157;
  0.723353        953           458.960754           413.915436           143.551956;
  0.723513        729           986.503723           391.972626           855.731873;
  0.723663        543           583.049011           356.937378           426.366974;
  0.723895        744           998.558533           876.240356           371.342102;
  0.724290        671           510.903259             7.225776           486.305328;
  0.724641        752           671.918884           510.475983           384.342987;
  0.726121        674           954.428772           414.922546           802.873840;
  0.726310        333           275.300354           131.924408           224.670151;
  0.726453         70           578.806946           310.762878           450.812317;
  0.727978        261           943.625183           670.667664           583.079529;
  0.729010        277           747.604797           601.878906           361.240479;
  0.731989        176           701.216675           304.109833           577.494629;
  0.732879        932           972.831421           902.913513            19.097477;
  0.734160        448           890.004211           786.302307           243.378006;
  0.734581        393           940.603882           732.589722           467.078674;
  0.734890        123           893.910522           295.198425           770.310608;
  0.735657        644           629.467651           137.143066           563.120422;
  0.736152        555           970.756165           579.325745           678.938171;
  0.736629        373           750.900818           233.978302           648.480713;
  0.736698        418           600.566650           545.755371            77.754051;
  0.738315        922           552.469482           468.818237           186.857727;
  0.738837        197           949.942505           803.148499           325.045532;
  0.739778        251           887.654236           797.746704           124.142189;
  0.740144         30           733.810425           551.248718           374.973816;
  0.740762        603           343.051453           246.948669           189.207642;
  0.741078        143           864.246582           736.709717           265.259766;
  0.745124        781           908.132202            58.954651           810.686584;
  0.745405        201           873.280029           768.387939           139.615067;
  0.745845        310           962.455139           749.405396           421.026245;
  0.746057        370           184.660385           105.403824           126.705742;
  0.746536        499           977.927979           462.958679           738.449280;
  0.746654         61           954.276184            13.146367           850.085999;
  0.747019        166           338.351593           195.372391           229.125854;
  0.747105        770           989.982788           392.644043           788.438599;
  0.748838        551           872.364502           722.945862           271.027771;
  0.749627        108           962.333069           548.746216           648.694336;
  0.749707        925           221.831940           145.749283           130.764709;
  0.750361        807           284.547485           248.627182            31.945768;
  0.751399        486           992.607422             7.988739           871.632019;
  0.751692        464           827.960022           427.496155           587.321594;
  0.753909        211           899.129211           583.110046           523.354797;
  0.754108        165           891.133362           382.450836           675.306458;
  0.755128        786           741.531616           597.819946           238.861267;
  0.755482        268           881.092773           437.292603           626.598938;
  0.755581        554           902.242126           271.027771           733.749390;
  0.756756        471           711.898132           611.888977            61.274055;
  0.757052        896           676.557739           173.917877           557.382935;
  0.761455         76           935.659851           721.267334           337.954865;
  0.761936        246           873.341064           117.519669           732.986450;
  0.762540        542           647.595642           386.204620           390.782410;
  0.763878        278           975.944275           227.142151           792.619629;
  0.765503        796           928.640625           596.049927           503.975555;
  0.765773        244           564.921021           370.945374           295.778290;
  0.766365        915           789.415161            11.071108           661.634155;
  0.768775        827           950.034119           752.121582           242.676071;
  0.768868         34           540.689331           313.540070           322.298859;
  0.770167        899           818.865540           213.408829           643.719788;
  0.770972        144           774.339050           415.380310           486.427399;
  0.771931        659           600.444580            52.026947           491.737640;
  0.772928        803           982.414246           154.355515           791.551453;
  0.773247        801           674.024719            71.406204           548.105347;
  0.774102        753           736.374023           150.449142           583.110046;
  0.774134        115           696.699951           462.897644           332.095306;
  0.774412        760           988.243286           494.301178           638.379089;
  0.774760        984           864.490723           516.060913           481.025635;
  0.776315        766           562.174377           364.383881           274.934143;
  0.776401        738           576.609619           363.132629           295.320496;
  0.777195        151           995.354065           791.032654           154.050323;
  0.777589        298           735.855164            22.912291           594.585022;
  0.778486        687           795.915588            39.697472           640.484863;
  0.779637         16           424.108612           338.931458            34.265175;
  0.780649        989           463.691132           353.641388           112.880859;
  0.780673         35           884.693970             2.312296           708.205444;
  0.780835        363           690.718323           492.592163           250.519333;
  0.781132        771           939.047424           749.985229            30.084139;
  0.782175        956           940.146118           736.618164           135.037292;
  0.782206        840           763.474426           545.419678           268.891479;
  0.782279        360           779.527161           509.682526           354.312775;
  0.784805        549           834.063782           613.659058           239.227478;
  0.787218        330           552.316895           144.436996           407.842255;
  0.787693        976           658.063538            70.246498           509.865631;
  0.791888        162           418.676331           285.554596           150.662766;
  0.792651        283           901.936890           579.875061           380.802856;
  0.794151        111           366.886414            94.844414           264.252655;
  0.794942        691           864.856934           657.575195            57.031982;
  0.795006        399           860.126587           484.108002           443.121643;
  0.796706        395           952.963867           385.472168           611.553284;
  0.797398        607           853.992310           585.246338           274.171173;
  0.798233        865           837.329224           505.745636           378.758118;
  0.799178        728           944.845947           173.338028           689.192383;
  0.800583        129           924.673218           676.679810           145.291519;
  0.801445        424           432.867432           127.804405           296.663330;
  0.802017        948           877.644165           425.817657           495.888153;
  0.802312        232           917.043579           651.807190           201.567642;
  0.802363        526           652.539673           439.612030           205.779205;
  0.802740        364           810.076233           523.141174           297.426270;
  0.803206         80           865.741943           167.478470           619.854309;
  0.803742        870           604.015259           111.904266           432.897949;
  0.807176        274           464.942383           331.545990            75.465164;
  0.809167        985           883.839417           580.393921           273.957550;
  0.813225         45           949.118530           675.428528            71.436722;
  0.815105        581           804.735474           415.929657           392.583008;
  0.815687        857           674.329895           440.497040           186.216827;
  0.816268         79           888.539307           608.989746           156.674911;
  0.817249        918           960.929199           654.828552           174.192535;
  0.817839        854           844.195923           406.529968           433.081055;
  0.819092        829           641.186768           404.454681           195.128235;
  0.819795        646           782.853699           254.395187           484.077484;
  0.821078        642           709.975464           103.175972           482.673645;
  0.821216        478           967.887390           326.052643           588.206665;
  0.821866        761           862.842712           291.902435           522.012024;
  0.821927        722           773.576050           399.815887           357.120483;
  0.822309        617           542.703552           319.704803           197.050903;
  0.822366        968           507.271545            95.302193           337.771759;
  0.822938        311           534.219421           342.227448           137.478775;
  0.823271         97           612.102661           418.798401            52.271095;
  0.823565        849           812.456665           279.267761           484.901489;
  0.824751        911           729.659912           220.458603           449.103271;
  0.825428        881           387.394836           213.714005           156.583359;
  0.827211        754           922.414856           612.651978           131.283524;
  0.828445        398           582.286072            88.221901           383.641083;
  0.829579         52           653.821411           412.267426           153.989288;
  0.831835        653           740.402466           238.128815           432.836914;
  0.831926        767           979.606506           474.403107           449.286377;
  0.832030        426           941.580444           513.741455           360.782715;
  0.834252        634           924.307007           569.407227           221.313126;
  0.834989        758           630.871521           257.294434           326.571472;
  0.835397        594           868.488647           309.908356           480.079559;
  0.835564        347           980.796753           288.301239           576.853760;
  0.836751        505           762.894592             8.110813           499.184143;
  0.839527        429           816.179932            38.507248           526.803406;
  0.839968        742           617.138184           395.238098            52.301613;
  0.846378         93           613.536987           139.798187           359.867157;
  0.847923        731           701.582886            53.613911           435.339417;
  0.849381        725           923.269348           489.326660           299.471008;
  0.850514        836           246.918152           146.603806            42.688286;
  0.852848        361           598.643982           294.923767           217.620377;
  0.853289        470           570.994202            49.707542           345.370850;
  0.854509        606           537.179688           324.648804            35.089176;
  0.854950        559           627.575500           310.030426           221.038452;
  0.855164        721           468.787720           207.854462           193.754913;
  0.857586        706           992.576904           503.792450           317.141235;
  0.857607        271           974.052185            71.680870           579.722473;
  0.857684        420           999.931824           418.950989           428.747437;
  0.857722        456           890.126282           508.980591           160.001434;
  0.858387        541           934.103455           478.248444           287.965546;
  0.859065         74           753.739014           152.402328           422.460602;
  0.859536        275           100.673454            59.137760             9.270516;
  0.860413        511           515.023254           297.212646            68.629021;
  0.861339         24           430.151276           238.525558            86.451828;
  0.862234        389           789.567749           447.028015           123.684410;
  0.862437        167           810.991760           310.457672           360.782715;
  0.862716        717           520.730225           164.640244           257.019775;
  0.863639        326           452.918091           246.216217            96.278786;
  0.864767        809           297.060059           172.056244            12.413922;
  0.865706        575           987.297180           495.827118           282.899475;
  0.866975        763           979.789612           518.593933           219.665115;
  0.867450        512           730.636536           267.273987           322.756653;
  0.868063        501           932.882690           514.046692           142.850037;
  0.869174         40           704.421143           398.900330            38.690361;
  0.870410        284           749.527466           176.084686           385.655304;
  0.870854        138           380.741821            44.122654           210.326462;
  0.870918        453           755.173401            15.984589           425.817657;
  0.872051        557           568.705322            81.477310           308.596069;
  0.872267        946           796.495483           143.521439           422.857361;
  0.872678         10          1000.053955           523.598938           197.386612;
  0.874850        362           659.406311           364.902710            12.169774;
  0.874928        656           588.969604           291.963470           144.986328;
  0.875813        126           470.130524           224.670151           129.025146;
  0.877552        861           989.891235           197.172974           503.639862;
  0.878032        924           762.192688            37.835842           413.732330;
  0.880291        497           941.549927           470.832458           189.268692;
  0.880612        630           943.655701           169.034912           478.797791;
  0.883493        422           374.363434           191.954315            50.531540;
  0.883540        787           623.943787           291.414124           156.430771;
  0.883721        136           381.596344           171.140686           107.479080;
  0.885823        636           973.563843           506.813782            56.787834;
  0.887716        560           979.148743           499.916595            89.198494;
  0.887786        994           477.485474           247.467484             6.127110;
  0.889933        740           365.146851           110.042633           151.364700;
  0.890121        955           876.576050           440.497040            85.871971;
  0.890528        735           688.551514           218.596970           275.575043;
  0.891758        623           931.600891            89.503677           464.179413;
  0.895029        832           988.060181           314.516663           378.819153;
  0.895832        822           318.667175           155.606766            27.856289;
  0.895945        828           876.057251           291.108948           322.298859;
  0.896755        522           966.422546           462.592468           115.963226;
  0.897554        889           927.694519           373.508942           261.078735;
  0.897616        632           717.605103           106.960266           335.757538;
  0.899766        821           308.229828           136.502182            60.938354;
  0.904162         39           226.501266            10.765924           106.471970;
  0.906097         89           762.375793           347.476624            77.265755;
  0.906186         41          1000.450684           459.601654            82.057159;
  0.906218        567           559.824402           254.334152            59.473465;
  0.906564        226           384.556641           140.194916           111.354927;
  0.907322        797           523.721008           240.265121            34.173618;
  0.907592        789           757.736938           344.241669            66.095978;
  0.908989        433           679.579041            25.842066           310.549255;
  0.913238        302           750.961853           306.246124           135.861298;
  0.915118        872          1000.847412           439.795135            32.006805;
  0.919085         85           860.126587           244.171478           276.368500;
  0.919923        616           804.674438           168.760254           298.585999;
  0.920646        473           363.163147             6.371258           153.867218;
  0.921999        222           620.800415            47.784874           256.287323;
  0.924511        972           498.482208           149.411514           141.110474;
  0.924593        182           639.325134           178.129425           194.060089;
  0.927158        876           696.425293           274.506897            62.037018;
  0.930924        584           970.512024           205.351944           320.620361;
  0.933121        329           880.696045            26.177771           338.351593;
  0.934739        928           978.568909           225.402603           295.930878;
  0.935045        122           824.999756           169.767365           262.726746;
  0.939203        367           979.514954           288.911621           211.577713;
  0.942615        561           952.811279            81.935089           327.395447;
  0.942787        145           948.111450           305.452637           138.241730;
  0.951190        680           739.029114           225.036377            82.759087;
  0.953678        795           662.458191           201.842316            54.102207;
  0.957455        100           534.616150           160.916992             8.415998;
  0.957492        831           784.776367            80.531235           222.289719;
  0.957553        409           872.242432            75.465164           251.495926;
  0.959997        234           965.903687           103.053894           262.207916;
  0.963193        859           949.149048            99.300117           245.575333;
  0.964036        265           929.220459           158.567062           201.201416;
  0.967743        228           458.380890           115.261299            30.908140;
  0.969287        963           875.721497            59.046204           214.202301;
  0.971148        583           729.751465            94.661308           152.158173;
  0.975131        161           993.522949           144.131805           173.826324;
  0.975663        605           778.550598           144.070770            99.300117;
  0.975810        113           970.695129           209.166748            59.534500;
  0.978733        188           456.214081            80.561752            51.508133;
  0.978973        625           988.792603            33.044434           203.368240;
  0.980702        446           324.221527            22.637623            60.541611;
  0.985983        457           821.856323           139.035217             3.319407;
  0.988016        676           815.905212           109.829002            64.692131;
  0.990702        798           578.318665            69.727684            38.018951;
  0.998614        368           902.303162            24.194067            40.948730;
  0.998999        663           443.091125            19.280586             4.692739;
  0.999219        500           511.971405            20.135105             2.068148;
