AAAA,232,740,889
AAAB,860,597,655
AAAC,915,433,290
AAAD,632,295,622
AAAE,47,995,206
AAAF,607,347,718
AAAG,28,66,927
AAAH,87,332,526
AAAI,246,543,781
AAAJ,522,932,147
AAAK,417,280,598
AAAL,36,63,323
AAAM,98,170,371
AAAN,39,709,641
AAAO,174,62,407
AAAP,463,202,870
AAAQ,598,23,900
AAAR,453,58,106
AAAS,999,867,615
AAAT,26,322,464
AAAU,99,571,326
AAAV,450,578,74
AAAW,57,301,522
AAAX,562,241,913
AAAY,826,444,983
AAAZ,578,234,811
AABA,451,250,956
AABB,142,513,972
AABC,648,615,470
1

AABE,228,423,273
AABF,445,628,535
AABG,385,874,300
AABH,400,518,61
AABI,231,118,98
AABJ,891,33,839
AABK,507,113,490
AABL,600,90,979
AABM,653,461,864
AABN,263,824,329
AABO,942,244,958
AABP,511,565,994
AABQ,771,314,57
AABR,44,813,412
AABS,384,523,893
AABT,406,604,94
AABU,336,144,245
AABV,379,270,215
AABW,634,800,208
AABX,897,746,536
AABY,970,565,217
AABZ,858,862,313
AACA,327,840,493
AACB,51,778,427
AACC,280,333,367
AACD,795,38,727
AACE,873,286,657
AACF,232,622,75
AACG,967,610,384
AACH,30,858,604
AACI,848,505,7
AACJ,919,411,733
AACK,151,816,910
AACL,778,757,405
AACM,702,566,585
AACN,345,704,161
AACO,1,562,547
AACP,551,695,928
AACQ,945,904,604
AACR,927,117,341
AACS,36,538,737
AACT,181,426,98
AACU,303,780,537
AACV,769,639,894
AACW,60,175,416
AACX,740,893,25
AACY,137,424,765
AACZ,524,755,169
AADA,673,619,6
AADB,740,992,128
AADC,360,191,715
AADD,178,987,17
AADE,39,805,860
AADF,566,754,520
AADG,586,190,503
AADH,50,56,335
AADI,631,892,674
AADJ,685,696,800
AADK,661,520,332
AADL,935,246,511
AADM,741,254,846
AADN,538,911,351
AADO,936,928,588
AADP,101,367,276
AADQ,266,226,1
AADR,893,453,578
AADS,315,995,984
AADT,965,666,726
AADU,334,523,273
AADV,719,778,81
AADW,221,204,624
AADX,725,835,18
AADY,202,469,378
AADZ,340,63,762
AAEA,403,674,551
AAEB,51,307,966
AAEC,932,378,618
AAED,563,831,958
AAEE,75,888,563
AAEF,194,221,706
AAEG,597,586,969
AAEH,582,99,166
AAEI,102,146,672
AAEJ,640,372,163
AAEK,389,800,400
AAEL,755,295,640
AAEM,886,209,480
AAEN,113,132,64
AAEO,79,627,411
AAEP,639,857,764
AAEQ,977,782,936
AAER,739,253,719
AAES,694,774,747
AAET,318,510,773
AAEU,573,954,171
AAEV,908,752,286
AAEW,628,463,129
AAEX,549,970,442
AAEY,591,111,200
AAEZ,163,36,272
AAFA,230,358,134
AAFB,999,514,388
AAFC,250,365,399
AAFD,927,495,609
AAFE,4,588,778
AAFF,657,528,826
AAFG,963,314,797
AAFH,285,14,94
AAFI,329,305,18
AAFJ,162,444,767
AAFK,681,715,460
AAFL,920,989,933
AAFM,461,905,386
AAFN,603,560,846
AAFO,285,663,602
AAFP,657,310,331
AAFQ,188,100,286
AAFR,355,536,991
AAFS,28,710,906
AAFT,866,119,956
AAFU,441,876,865
AAFV,355,631,865
AAFW,21,76,377
AAFX,149,34,783
AAFY,327,818,173
AAFZ,676,876,757
AAGA,229,359,363
AAGB,267,337,87
AAGC,452,455,29
AAGD,637,59,169
AAGE,685,555,6
AAGF,288,376,146
AAGG,74,461,370
AAGH,825,538,818
AAGI,460,14,4
AAGJ,166,366,718
AAGK,159,279,645
AAGL,287,322,155
AAGM,388,896,888
AAGN,394,676,252
AAGO,950,625,207
AAGP,109,566,274
AAGQ,71,158,49
AAGR,681,782,808
AAGS,265,896,608
AAGT,14,344,534
AAGU,628,447,811
AAGV,144,975,834
AAGW,340,616,304
AAGX,89,522,826
AAGY,764,948,333
AAGZ,390,150,334
AAHA,554,550,160
AAHB,117,398,832
AAHC,185,501,126
AAHD,865,767,564
AAHE,389,490,887
AAHF,905,498,529
AAHG,910,579,776
AAHH,662,470,219
AAHI,603,184,197
AAHJ,862,125,646
AAHK,437,613,738
AAHL,303,43,836
AAHM,369,662,896
AAHN,274,998,835
AAHO,792,657,544
AAHP,387,823,595
AAHQ,782,988,789
AAHR,853,486,874
AAHS,334,205,494
AAHT,31,828,264
AAHU,678,794,682
AAHV,651,237,477
AAHW,937,241,209
AAHX,272,776,331
AAHY,603,184,87
AAHZ,309,231,910
AAIA,937,31,594
AAIB,43,425,522
AAIC,841,625,255
AAID,905,768,563
AAIE,898,368,338
AAIF,619,86,375
AAIG,187,811,723
AAIH,675,914,821
AAII,549,15,94
AAIJ,515,953,843
AAIK,935,974,372
AAIL,321,784,212
AAIM,960,931,366
AAIN,345,693,717
AAIO,801,594,97
AAIP,560,43,758
AAIQ,660,600,227
AAIR,714,725,344
AAIS,32,844,771
AAIT,510,707,791
AAIU,330,914,577
AAIV,288,267,891
AAIW,366,150,947
AAIX,651,983,194
AAIY,829,494,591
AAIZ,44,565,634
AAJA,498,59,515
AAJB,53,844,595
AAJC,691,647,624
AAJD,954,177,475
AAJE,843,497,763
AAJF,180,692,915
AAJG,162,428,41
AAJH,225,666,872
AAJI,345,27,906
AAJJ,471,911,328
AAJK,691,17,512
AAJL,332,336,954
AAJM,751,334,633
AAJN,415,577,960
AAJO,616,150,839
AAJP,726,108,161
AAJQ,297,424,528
AAJR,275,828,793
AAJS,274,616,101
AAJT,670,347,670
AAJU,295,681,394
AAJV,392,207,725
AAJW,820,927,514
AAJX,193,603,198
AAJY,410,853,429
AAJZ,926,373,698
AAKA,589,100,412
AAKB,925,55,384
AAKC,240,228,357
AAKD,925,503,804
AAKE,350,459,952
AAKF,133,70,706
AAKG,932,109,652
AAKH,146,694,626
AAKI,43,798,987
AAKJ,437,345,48
AAKK,225,581,601
AAKL,252,654,60
AAKM,941,92,334
AAKN,651,504,531
AAKO,379,769,282
AAKP,649,923,331
AAKQ,814,788,124
AAKR,157,415,688
AAKS,658,680,9
AAKT,128,764,842
AAKU,747,945,920
AAKV,223,510,788
AAKW,522,618,558
AAKX,731,63,493
AAKY,230,337,552
AAKZ,744,412,508
AALA,129,215,293
AALB,450,240,263
AALC,892,586,939
AALD,618,250,102
AALE,546,443,692
AALF,760,399,567
AALG,205,944,513
AALH,276,229,953
AALI,690,708,657
AALJ,779,581,503
AALK,879,393,242
AALL,281,905,703
AALM,853,379,633
AALN,31,920,470
AALO,520,767,336
AALP,626,327,311
AALQ,646,434,102
AALR,236,972,699
AALS,660,326,19
AALT,571,36,265
AALU,190,449,769
AALV,628,315,292
AALW,78,172,722
AALX,89,918,430
AALY,79,572,832
AALZ,347,780,709
AAMA,591,377,394
AAMB,428,423,219
AAMC,497,39,565
AAMD,49,873,860
AAME,338,975,955
AAMF,989,157,2
AAMG,248,346,233
AAMH,756,226,448
AAMI,259,346,903
AAMJ,12,132,388
AAMK,841,213,936
AAML,970,375,985
AAMM,122,761,579
AAMN,621,490,220
AAMO,144,635,803
AAMP,670,472,945
AAMQ,592,226,684
AAMR,320,749,999
AAMS,270,932,697
AAMT,95,246,935
AAMU,480,883,780
AAMV,18,771,686
AAMW,868,581,626
AAMX,111,213,36
AAMY,444,326,287
AAMZ,496,181,934
AANA,941,592,0
AANB,903,683,73
AANC,997,314,810
AAND,461,587,478
AANE,553,175,587
AANF,154,445,538
AANG,462,834,997
AANH,973,746,200
AANI,36,188,578
AANJ,628,365,637
AANK,892,253,286
AANL,125,529,821
AANM,300,788,437
AANN,551,987,690
AANO,971,96,898
AANP,58,123,631
AANQ,370,319,796
AANR,302,608,462
AANS,292,833,571
AANT,70,266,171
AANU,560,202,492
AANV,730,955,763
AANW,80,939,975
AANX,607,958,330
AANY,902,0,483
AANZ,147,315,171
AAOA,593,658,349
AAOB,53,47,55
AAOC,71,15,974
AAOD,735,753,33
AAOE,117,261,894
AAOF,973,995,347
AAOG,292,187,743
AAOH,718,189,434
AAOI,45,656,781
AAOJ,863,786,433
AAOK,348,55,820
AAOL,106,6,275
AAOM,943,674,386
AAON,857,675,608
AAOO,439,962,823
AAOP,10,141,483
AAOQ,581,293,439
AAOR,398,137,953
AAOS,360,837,41
AAOT,424,75,314
AAOU,946,855,173
AAOV,536,295,903
AAOW,81,788,174
AAOX,720,232,207
AAOY,216,977,382
AAOZ,635,46,232
AAPA,875,460,3
AAPB,465,824,872
AAPC,301,236,832
AAPD,438,507,185
AAPE,151,907,993
AAPF,390,827,955
AAPG,894,841,683
AAPH,171,237,434
AAPI,25,268,981
AAPJ,313,572,612
AAPK,902,396,693
AAPL,204,62,623
AAPM,688,297,572
AAPN,316,810,365
AAPO,699,634,965
AAPP,200,598,83
AAPQ,544,846,40
AAPR,329,710,861
AAPS,501,995,429
AAPT,267,473,161
AAPU,159,268,757
AAPV,609,967,774
AAPW,573,450,287
AAPX,753,94,106
AAPY,735,354,581
AAPZ,299,714,360
AAQA,719,996,83
AAQB,468,93,725
AAQC,912,86,520
AAQD,553,685,299
AAQE,602,198,657
AAQF,699,460,157
AAQG,422,596,322
AAQH,831,122,251
AAQI,938,655,753
AAQJ,811,48,415
AAQK,726,139,633
AAQL,247,840,837
AAQM,453,395,962
AAQN,8,398,488
AAQO,618,70,142
AAQP,654,218,119
AAQQ,43,165,511
AAQR,868,767,135
AAQS,64,673,482
AAQT,495,313,323
AAQU,910,450,749
AAQV,185,85,207
AAQW,559,662,940
AAQX,40,163,438
AAQY,325,90,811
AAQZ,399,655,567
AARA,3,652,317
AARB,266,460,623
AARC,802,561,24
AARD,794,273,823
AARE,689,604,387
AARF,65,999,661
AARG,229,92,241
AARH,903,217,480
AARI,910,193,448
AARJ,618,594,666
AARK,267,424,800
AARL,933,470,306
AARM,439,307,275
AARN,138,166,494
AARO,86,927,148
AARP,160,718,675
AARQ,358,90,8
AARR,373,789,447
AARS,99,806,660
AART,452,533,527
AARU,630,647,192
AARV,802,196,411
AARW,235,272,8
AARX,929,520,464
AARY,524,337,332
AARZ,989,474,747
AASA,670,796,272
AASB,284,717,184
AASC,834,169,954
AASD,723,134,853
AASE,932,564,399
AASF,442,702,260
AASG,28,948,997
AASH,780,990,488
AASI,128,464,743
AASJ,674,874,759
AASK,617,275,336
AASL,836,386,80
AASM,866,435,172
AASN,4,653,370
AASO,376,441,516
AASP,300,478,6
AASQ,171,303,745
AASR,581,701,805
AASS,852,117,657
AAST,753,702,605
AASU,38,195,331
AASV,643,217,76
AASW,981,206,984
AASX,610,248,518
AASY,713,260,114
AASZ,550,219,312
AATA,974,309,947
AATB,410,10,310
AATC,155,995,450
AATD,545,262,883
AATE,103,824,427
AATF,921,528,871
AATG,353,400,598
AATH,912,133,42
AATI,401,596,920
AATJ,294,545,782
AATK,327,95,442
AATL,29,676,111
AATM,199,530,627
AATN,373,607,847
AATO,702,393,572
AATP,250,728,343
AATQ,78,302,300
AATR,23,176,861
AATS,656,857,271
AATT,896,208,965
AATU,414,229,819
AATV,360,502,748
AATW,832,394,96
AATX,265,792,937
AATY,568,938,597
AATZ,988,763,185
AAUA,517,640,869
AAUB,600,1000,129
AAUC,293,477,129
AAUD,228,181,672
AAUE,326,791,546
AAUF,230,687,49
AAUG,573,994,363
AAUH,559,928,260
AAUI,833,175,880
AAUJ,279,850,807
AAUK,189,979,253
AAUL,779,811,498
AAUM,916,101,135
AAUN,859,18,729
AAUO,817,116,489
AAUP,347,774,285
AAUQ,825,173,864
AAUR,926,191,50
AAUS,548,9,829
AAUT,909,706,243
AAUU,589,939,896
AAUV,606,793,837
AAUW,560,0,251
AAUX,432,431,876
AAUY,67,340,177
AAUZ,246,728,288
AAVA,237,139,220
AAVB,818,378,666
AAVC,936,426,605
AAVD,970,365,665
AAVE,315,886,295
AAVF,295,907,493
AAVG,207,25,170
AAVH,302,962,784
AAVI,673,841,421
AAVJ,704,481,821
AAVK,437,860,8
AAVL,997,275,33
AAVM,152,480,889
AAVN,283,784,170
AAVO,732,246,81
AAVP,853,687,959
AAVQ,986,535,906
AAVR,477,890,23
AAVS,128,741,391
AAVT,394,602,23
AAVU,388,56,690
AAVV,520,76,406
AAVW,430,659,218
AAVX,81,468,729
AAVY,614,901,253
AAVZ,220,236,810
AAWA,703,879,711
AAWB,661,440,563
AAWC,991,958,337
AAWD,155,417,555
AAWE,29,867,895
AAWF,497,209,722
AAWG,700,461,170
AAWH,795,889,142
AAWI,940,0,439
AAWJ,11,234,707
AAWK,694,265,326
AAWL,93,41,760
AAWM,325,522,952
AAWN,669,473,650
AAWO,666,230,805
AAWP,503,434,709
AAWQ,555,255,75
AAWR,589,674,588
AAWS,534,473,324
AAWT,431,765,997
AAWU,265,792,134
AAWV,35,454,563
AAWW,231,144,677
AAWX,354,510,695
AAWY,595,506,777
AAWZ,685,319,832
AAXA,661,587,19
AAXB,837,114,841
AAXC,337,429,794
AAXD,141,608,931
AAXE,637,47,699
AAXF,257,691,363
AAXG,542,222,906
AAXH,373,78,30
AAXI,627,937,320
AAXJ,745,289,124
AAXK,514,387,979
AAXL,292,592,571
AAXM,616,561,280
AAXN,152,733,39
AAXO,802,406,830
AAXP,972,422,53
AAXQ,787,630,509
AAXR,568,309,747
AAXS,336,884,333
AAXT,796,805,50
AAXU,402,966,414
AAXV,330,637,858
AAXW,789,538,742
AAXX,740,445,851
AAXY,495,949,798
AAXZ,133,238,127
AAYA,534,56,469
AAYB,983,682,871
AAYC,496,287,183
AAYD,962,757,951
AAYE,671,186,290
AAYF,58,44,279
AAYG,170,677,903
AAYH,352,100,793
AAYI,468,688,683
AAYJ,421,660,634
AAYK,525,191,512
AAYL,749,420,738
AAYM,687,956,308
AAYN,342,387,26
AAYO,634,565,365
AAYP,421,462,314
AAYQ,225,116,134
AAYR,947,492,748
AAYS,311,7,616
AAYT,357,649,846
AAYU,101,588,582
AAYV,522,455,967
AAYW,182,559,627
AAYX,30,642,838
AAYY,395,437,84
AAYZ,581,872,207
AAZA,94,188,668
AAZB,733,631,468
AAZC,314,642,562
AAZD,664,125,674
AAZE,680,931,829
AAZF,178,950,199
AAZG,217,8,300
AAZH,274,587,396
AAZI,186,393,154
AAZJ,833,149,680
AAZK,750,14,142
AAZL,30,809,47
AAZM,666,456,803
AAZN,358,25,218
AAZO,711,549,870
AAZP,739,103,972
AAZQ,739,13,679
AAZR,485,34,114
AAZS,76,608,233
AAZT,142,530,931
AAZU,617,690,234
AAZV,207,37,664
AAZW,507,486,862
AAZX,966,760,246
AAZY,676,760,586
AAZZ,823,927,638
ABAA,18,184,26
ABAB,935,484,795
ABAC,457,494,426
ABAD,892,875,633
ABAE,292,291,245
ABAF,705,775,823
ABAG,806,254,801
ABAH,630,231,381
ABAI,453,501,541
ABAJ,345,291,704
ABAK,935,594,593
ABAL,739,373,453
ABAM,509,929,451
ABAN,638,459,554
ABAO,41,803,672
ABAP,200,14,763
ABAQ,568,654,635
ABAR,735,888,666
ABAS,120,714,447
ABAT,641,649,679
ABAU,58,224,168
ABAV,929,515,674
ABAW,668,81,225
ABAX,284,914,229
ABAY,248,676,649
ABAZ,704,837,728
ABBA,19,584,921
ABBB,91,555,931
ABBC,199,525,126
ABBD,749,314,187
ABBE,981,713,826
ABBF,683,690,531
ABBG,189,493,560
ABBH,829,203,528
ABBI,808,355,548
ABBJ,718,202,644
ABBK,0,513,570
ABBL,7,893,834
ABBM,775,788,374
ABBN,152,352,645
ABBO,932,93,739
ABBP,55,757,463
ABBQ,45,842,164
ABBR,115,271,314
ABBS,606,678,988
ABBT,994,758,275
ABBU,954,411,216
ABBV,629,14,43
ABBW,180,200,720
ABBX,443,846,390
ABBY,838,749,584
ABBZ,160,529,463
ABCA,379,93,259
ABCB,336,375,146
ABCC,317,281,820
ABCD,342,872,268
ABCE,776,609,17
ABCF,702,15,684
ABCG,878,432,631
ABCH,586,227,785
ABCI,287,925,298
ABCJ,536,333,237
ABCK,545,107,137
ABCL,94,311,813
ABCM,514,867,981
ABCN,326,219,518
ABCO,353,860,260
ABCP,844,583,720
ABCQ,343,9,192
ABCR,507,24,550
ABCS,276,696,882
ABCT,24,341,421
ABCU,80,79,72
ABCV,901,970,391
ABCW,313,553,792
ABCX,799,864,798
ABCY,6,920,17
ABCZ,29,712,538
ABDA,525,502,65
ABDB,230,117,990
ABDC,70,60,662
ABDD,344,128,637
ABDE,747,806,269
ABDF,434,402,608
ABDG,770,942,131
ABDH,255,378,994
ABDI,341,900,237
ABDJ,220,992,952
ABDK,638,504,358
ABDL,769,785,28
ABDM,52,323,800
ABDN,630,983,158
ABDO,617,309,85
ABDP,877,591,303
ABDQ,168,340,67
ABDR,654,244,758
ABDS,299,419,55
ABDT,30,186,271
ABDU,66,333,49
ABDV,101,71,905
ABDW,312,592,378
ABDX,952,743,887
ABDY,599,690,391
ABDZ,223,131,172
ABEA,939,34,880
ABEB,522,809,448
ABEC,346,757,360
ABED,557,889,841
ABEE,244,436,829
ABEF,152,758,877
ABEG,502,570,852
ABEH,985,791,351
ABEI,502,255,510
ABEJ,78,55,635
ABEK,617,81,610
ABEL,545,856,643
ABEM,271,106,60
ABEN,622,699,275
ABEO,422,366,82
ABEP,69,121,678
ABEQ,219,237,8
ABER,727,561,552
ABES,742,825,393
ABET,136,195,721
ABEU,670,59,384
ABEV,491,774,147
ABEW,486,71,788
ABEX,394,236,80
ABEY,79,928,204
ABEZ,957,340,960
ABFA,343,63,613
ABFB,556,907,201
ABFC,788,348,973
ABFD,836,712,215
ABFE,15,210,537
ABFF,108,854,911
ABFG,334,469,2
ABFH,311,485,262
ABFI,683,912,571
ABFJ,265,929,64
ABFK,626,949,516
ABFL,957,272,527
ABFM,912,214,827
ABFN,138,438,876
ABFO,705,497,610
ABFP,77,241,25
ABFQ,847,14,550
ABFR,119,588,622
ABFS,747,310,917
ABFT,783,101,281
ABFU,908,111,790
ABFV,102,768,662
ABFW,773,932,177
ABFX,20,834,473
ABFY,108,89,115
ABFZ,168,973,286
ABGA,599,853,245
ABGB,727,401,310
ABGC,654,392,119
ABGD,979,518,508
ABGE,325,197,863
ABGF,268,539,552
ABGG,964,269,265
ABGH,310,557,378
ABGI,246,676,261
ABGJ,962,498,428
ABGK,568,613,807
ABGL,881,160,89
ABGM,313,607,379
ABGN,926,57,995
ABGO,667,617,148
ABGP,29,573,30
ABGQ,712,214,255
ABGR,959,182,799
ABGS,40,309,968
ABGT,267,121,607
ABGU,645,875,898
ABGV,53,760,859
ABGW,482,75,90
ABGX,200,779,407
ABGY,827,148,733
ABGZ,150,839,545
ABHA,962,75,934
ABHB,359,66,966
ABHC,650,421,597
ABHD,347,217,37
ABHE,153,373,877
ABHF,441,638,388
ABHG,838,767,125
ABHH,92,660,378
ABHI,107,624,622
ABHJ,912,606,485
ABHK,577,983,519
ABHL,349,983,993
ABHM,897,742,665
ABHN,734,436,400
ABHO,218,882,943
ABHP,949,106,58
ABHQ,163,528,69
ABHR,10,91,608
ABHS,56,658,576
ABHT,73,241,351
ABHU,126,740,446
ABHV,17,682,881
ABHW,139,811,253
ABHX,24,531,935
ABHY,770,405,718
ABHZ,481,441,943
ABIA,579,784,715
ABIB,142,693,394
ABIC,127,641,498
ABID,64,524,314
ABIE,855,9,202
ABIF,881,218,318
ABIG,344,800,571
ABIH,814,86,192
ABII,630,63,743
ABIJ,604,799,160
ABIK,738,757,882
ABIL,429,187,303
ABIM,321,442,362
ABIN,626,939,287
ABIO,244,921,927
ABIP,310,76,781
ABIQ,130,461,440
ABIR,605,127,599
ABIS,132,115,441
ABIT,271,945,517
ABIU,445,308,470
ABIV,780,168,22
ABIW,709,605,414
ABIX,915,477,917
ABIY,497,928,704
ABIZ,695,4,540
ABJA,413,628,544
ABJB,216,552,863
ABJC,4,125,775
ABJD,20,142,320
ABJE,905,614,15
ABJF,311,192,275
ABJG,26,831,765
ABJH,721,823,765
ABJI,120,384,27
ABJJ,1,7,167
ABJK,150,516,419
ABJL,594,277,593
ABJM,585,121,78
ABJN,32,168,524
ABJO,842,306,191
ABJP,65,946,245
ABJQ,626,206,241
ABJR,744,156,823
ABJS,94,980,653
ABJT,284,868,30
ABJU,761,897,619
ABJV,721,464,759
ABJW,7,193,91
ABJX,168,943,850
ABJY,137,661,38
ABJZ,148,184,646
ABKA,857,854,494
ABKB,781,274,968
ABKC,991,84,330
ABKD,268,216,767
ABKE,365,154,165
ABKF,894,946,517
ABKG,18,419,122
ABKH,952,270,894
ABKI,896,776,909
ABKJ,16,960,75
ABKK,285,488,971
ABKL,568,274,129
ABKM,155,269,434
ABKN,396,425,615
ABKO,447,12,34
ABKP,399,980,543
ABKQ,913,324,290
ABKR,879,779,394
ABKS,883,426,466
ABKT,425,455,696
ABKU,95,734,130
ABKV,497,259,592
ABKW,227,956,63
ABKX,183,624,291
ABKY,137,189,957
ABKZ,296,237,660
ABLA,4,78,309
ABLB,224,695,700
ABLC,852,559,570
ABLD,531,859,446
ABLE,383,595,305
ABLF,101,372,222
ABLG,643,777,430
ABLH,621,279,478
ABLI,315,827,743
ABLJ,144,68,532
ABLK,744,836,721
ABLL,888,163,201
ABLM,882,462,187
ABLN,725,884,798
ABLO,843,538,209
ABLP,530,844,215
ABLQ,717,863,471
ABLR,460,943,628
ABLS,807,401,321
ABLT,379,719,193
ABLU,490,120,140
ABLV,948,631,439
ABLW,708,530,653
ABLX,778,618,502
ABLY,485,110,917
ABLZ,433,427,29
ABMA,510,964,275
ABMB,744,116,770
ABMC,766,541,169
ABMD,931,208,19
ABME,602,607,469
ABMF,596,724,408
ABMG,598,426,121
ABMH,350,547,127
ABMI,81,289,677
ABMJ,457,499,58
ABMK,73,338,336
ABML,457,222,369